train_index	loss	acc	batch_acc	perp
1	2.890	0.047	0.047	17.996
2	2.874	0.056	0.066	17.704
3	2.857	0.070	0.097	17.413
4	2.839	0.081	0.116	17.098
5	2.832	0.078	0.062	16.985
6	2.813	0.084	0.116	16.664
7	2.805	0.087	0.103	16.522
8	2.803	0.087	0.091	16.491
9	2.799	0.087	0.091	16.434
10	2.798	0.084	0.056	16.419
11	2.795	0.085	0.087	16.356
12	2.791	0.085	0.087	16.294
13	2.787	0.085	0.091	16.230
14	2.784	0.085	0.078	16.178
15	2.782	0.084	0.069	16.148
16	2.779	0.085	0.103	16.108
17	2.778	0.085	0.087	16.082
18	2.775	0.086	0.109	16.041
19	2.774	0.087	0.091	16.031
20	2.775	0.087	0.103	16.031
21	2.772	0.088	0.094	15.983
22	2.770	0.089	0.112	15.954
23	2.769	0.091	0.138	15.945
24	2.768	0.092	0.119	15.932
25	2.766	0.092	0.087	15.897
26	2.764	0.094	0.150	15.856
27	2.762	0.094	0.100	15.839
28	2.763	0.094	0.081	15.850
29	2.762	0.094	0.081	15.833
30	2.760	0.093	0.091	15.799
31	2.760	0.093	0.078	15.796
32	2.759	0.093	0.084	15.781
33	2.758	0.093	0.119	15.761
34	2.756	0.094	0.112	15.742
35	2.755	0.094	0.106	15.725
36	2.754	0.094	0.094	15.698
37	2.751	0.095	0.112	15.665
38	2.752	0.094	0.062	15.672
39	2.750	0.094	0.100	15.642
40	2.750	0.094	0.084	15.641
41	2.748	0.095	0.122	15.606
42	2.748	0.094	0.091	15.608
43	2.748	0.094	0.087	15.615
44	2.748	0.095	0.103	15.610
45	2.747	0.095	0.103	15.595
46	2.747	0.094	0.075	15.598
47	2.747	0.094	0.084	15.593
48	2.747	0.094	0.084	15.594
49	2.746	0.094	0.094	15.584
50	2.745	0.094	0.116	15.563
51	2.745	0.094	0.097	15.561
52	2.745	0.094	0.072	15.565
53	2.745	0.094	0.087	15.562
54	2.745	0.094	0.084	15.558
55	2.744	0.093	0.084	15.552
56	2.743	0.094	0.116	15.531
57	2.741	0.095	0.134	15.510
58	2.741	0.095	0.106	15.497
59	2.741	0.095	0.131	15.506
60	2.741	0.096	0.119	15.507
61	2.741	0.095	0.066	15.508
62	2.740	0.096	0.112	15.492
63	2.740	0.096	0.100	15.484
64	2.739	0.096	0.094	15.474
65	2.739	0.096	0.097	15.468
66	2.739	0.095	0.084	15.465
67	2.738	0.096	0.116	15.456
68	2.738	0.096	0.119	15.449
69	2.737	0.096	0.122	15.437
70	2.736	0.097	0.109	15.430
71	2.736	0.097	0.097	15.426
72	2.736	0.097	0.106	15.418
73	2.735	0.097	0.116	15.409
74	2.735	0.097	0.075	15.404
75	2.734	0.097	0.094	15.399
76	2.734	0.097	0.116	15.387
77	2.733	0.097	0.091	15.381
78	2.733	0.097	0.109	15.379
79	2.733	0.097	0.069	15.375
80	2.732	0.097	0.084	15.371
81	2.732	0.097	0.103	15.364
82	2.732	0.097	0.100	15.357
83	2.731	0.097	0.122	15.352
84	2.731	0.097	0.106	15.343
85	2.731	0.097	0.084	15.343
86	2.730	0.097	0.119	15.338
87	2.730	0.097	0.084	15.339
88	2.730	0.097	0.122	15.335
89	2.730	0.097	0.078	15.336
90	2.730	0.097	0.066	15.340
91	2.730	0.097	0.138	15.335
92	2.730	0.097	0.084	15.339
93	2.730	0.097	0.106	15.333
94	2.730	0.097	0.116	15.327
95	2.730	0.097	0.109	15.326
96	2.730	0.098	0.109	15.327
97	2.730	0.097	0.072	15.326
98	2.729	0.097	0.084	15.317
99	2.729	0.097	0.100	15.319
100	2.728	0.098	0.172	15.309
101	2.728	0.098	0.128	15.301
102	2.728	0.098	0.106	15.297
103	2.727	0.098	0.109	15.289
104	2.727	0.098	0.100	15.280
105	2.726	0.098	0.094	15.276
106	2.727	0.098	0.081	15.282
107	2.727	0.098	0.078	15.280
108	2.727	0.098	0.056	15.282
109	2.727	0.098	0.078	15.283
110	2.726	0.098	0.116	15.278
111	2.726	0.098	0.156	15.274
112	2.726	0.098	0.097	15.271
113	2.725	0.099	0.147	15.261
114	2.725	0.099	0.112	15.256
115	2.725	0.099	0.097	15.250
116	2.724	0.099	0.134	15.245
117	2.724	0.099	0.109	15.238
118	2.723	0.099	0.116	15.231
119	2.723	0.099	0.081	15.233
120	2.723	0.099	0.122	15.231
121	2.723	0.099	0.106	15.226
122	2.723	0.099	0.084	15.222
123	2.722	0.099	0.081	15.217
124	2.722	0.099	0.116	15.217
125	2.722	0.099	0.100	15.213
126	2.722	0.100	0.138	15.205
127	2.721	0.099	0.094	15.197
128	2.721	0.100	0.112	15.192
129	2.720	0.100	0.112	15.186
130	2.721	0.099	0.069	15.188
131	2.720	0.100	0.122	15.185
132	2.720	0.100	0.084	15.186
133	2.720	0.100	0.109	15.182
134	2.720	0.100	0.097	15.182
135	2.720	0.100	0.094	15.184
136	2.720	0.100	0.128	15.176
137	2.719	0.100	0.119	15.172
138	2.720	0.100	0.097	15.173
139	2.719	0.100	0.106	15.171
140	2.719	0.100	0.153	15.161
141	2.718	0.101	0.156	15.156
142	2.718	0.101	0.097	15.154
143	2.718	0.101	0.097	15.154
144	2.718	0.101	0.116	15.152
145	2.718	0.101	0.103	15.146
146	2.717	0.101	0.125	15.142
147	2.717	0.101	0.112	15.140
148	2.717	0.101	0.078	15.137
149	2.717	0.101	0.103	15.135
150	2.717	0.101	0.112	15.129
151	2.716	0.101	0.153	15.118
152	2.716	0.101	0.091	15.116
153	2.716	0.101	0.128	15.114
154	2.715	0.102	0.128	15.112
155	2.715	0.102	0.125	15.108
156	2.715	0.102	0.128	15.103
157	2.714	0.102	0.162	15.097
158	2.714	0.102	0.106	15.094
159	2.714	0.103	0.153	15.084
160	2.713	0.103	0.131	15.079
161	2.713	0.103	0.131	15.075
162	2.713	0.103	0.097	15.075
163	2.713	0.103	0.106	15.071
164	2.713	0.103	0.106	15.071
165	2.712	0.103	0.153	15.062
166	2.712	0.103	0.103	15.060
167	2.712	0.103	0.119	15.056
168	2.711	0.104	0.169	15.047
169	2.711	0.104	0.128	15.044
170	2.711	0.104	0.116	15.041
171	2.711	0.104	0.104	15.040
1	2.689	0.106	0.106	14.719
2	2.689	0.122	0.138	14.715
3	2.676	0.122	0.122	14.526
4	2.667	0.125	0.134	14.395
5	2.673	0.124	0.122	14.479
6	2.660	0.129	0.153	14.302
7	2.669	0.126	0.106	14.419
8	2.667	0.127	0.138	14.401
9	2.669	0.127	0.122	14.420
10	2.671	0.123	0.091	14.451
11	2.673	0.118	0.072	14.490
12	2.675	0.118	0.119	14.506
13	2.673	0.118	0.112	14.481
14	2.672	0.118	0.122	14.469
15	2.669	0.121	0.159	14.423
16	2.667	0.122	0.144	14.392
17	2.663	0.125	0.162	14.333
18	2.662	0.125	0.131	14.319
19	2.662	0.126	0.138	14.331
20	2.665	0.125	0.100	14.374
21	2.665	0.124	0.116	14.363
22	2.665	0.124	0.116	14.364
23	2.665	0.124	0.134	14.367
24	2.664	0.125	0.138	14.352
25	2.665	0.124	0.112	14.373
26	2.665	0.124	0.122	14.367
27	2.665	0.124	0.116	14.372
28	2.666	0.123	0.100	14.385
29	2.667	0.123	0.122	14.393
30	2.667	0.122	0.103	14.395
31	2.667	0.123	0.131	14.392
32	2.666	0.123	0.125	14.388
33	2.666	0.123	0.128	14.385
34	2.664	0.124	0.175	14.357
35	2.663	0.125	0.144	14.341
36	2.662	0.125	0.131	14.323
37	2.661	0.126	0.175	14.316
38	2.662	0.126	0.106	14.322
39	2.662	0.126	0.119	14.319
40	2.662	0.126	0.125	14.324
41	2.663	0.125	0.097	14.344
42	2.663	0.125	0.116	14.345
43	2.664	0.124	0.075	14.356
44	2.663	0.123	0.116	14.344
45	2.662	0.124	0.147	14.321
46	2.661	0.124	0.116	14.311
47	2.660	0.124	0.141	14.303
48	2.660	0.124	0.122	14.296
49	2.658	0.125	0.159	14.275
50	2.657	0.125	0.141	14.258
51	2.657	0.126	0.150	14.252
52	2.657	0.126	0.122	14.252
53	2.658	0.125	0.106	14.261
54	2.658	0.125	0.125	14.270
55	2.659	0.125	0.106	14.279
56	2.659	0.125	0.141	14.285
57	2.659	0.125	0.134	14.280
58	2.659	0.125	0.087	14.288
59	2.659	0.125	0.138	14.286
60	2.659	0.125	0.122	14.280
61	2.658	0.125	0.162	14.266
62	2.658	0.125	0.116	14.265
63	2.658	0.126	0.147	14.261
64	2.658	0.126	0.134	14.273
65	2.658	0.126	0.134	14.263
66	2.657	0.126	0.156	14.258
67	2.657	0.127	0.147	14.255
68	2.657	0.126	0.100	14.258
69	2.657	0.126	0.106	14.250
70	2.657	0.126	0.116	14.258
71	2.657	0.126	0.112	14.256
72	2.657	0.126	0.134	14.252
73	2.656	0.126	0.125	14.243
74	2.656	0.126	0.153	14.234
75	2.655	0.126	0.122	14.230
76	2.656	0.126	0.106	14.235
77	2.655	0.126	0.144	14.228
78	2.655	0.126	0.119	14.226
79	2.655	0.126	0.119	14.232
80	2.655	0.126	0.125	14.225
81	2.654	0.126	0.156	14.208
82	2.654	0.126	0.128	14.208
83	2.653	0.126	0.097	14.198
84	2.652	0.126	0.141	14.186
85	2.651	0.126	0.141	14.169
86	2.651	0.126	0.119	14.166
87	2.650	0.126	0.131	14.155
88	2.649	0.127	0.175	14.146
89	2.649	0.127	0.150	14.140
90	2.649	0.127	0.138	14.138
91	2.649	0.127	0.131	14.134
92	2.648	0.127	0.156	14.128
93	2.648	0.127	0.116	14.125
94	2.648	0.127	0.116	14.127
95	2.648	0.127	0.119	14.127
96	2.647	0.127	0.125	14.118
97	2.647	0.127	0.122	14.115
98	2.647	0.127	0.128	14.106
99	2.646	0.127	0.106	14.099
100	2.645	0.127	0.122	14.089
101	2.645	0.127	0.166	14.077
102	2.644	0.127	0.116	14.073
103	2.644	0.127	0.134	14.067
104	2.643	0.127	0.150	14.052
105	2.643	0.127	0.112	14.054
106	2.642	0.127	0.147	14.045
107	2.642	0.127	0.112	14.037
108	2.641	0.127	0.141	14.031
109	2.641	0.128	0.141	14.024
110	2.640	0.127	0.125	14.017
111	2.640	0.127	0.103	14.015
112	2.639	0.128	0.162	14.005
113	2.639	0.128	0.134	13.997
114	2.639	0.128	0.138	13.996
115	2.638	0.128	0.119	13.992
116	2.638	0.128	0.128	13.980
117	2.637	0.128	0.131	13.973
118	2.637	0.128	0.144	13.971
119	2.636	0.128	0.162	13.957
120	2.636	0.128	0.144	13.952
121	2.636	0.128	0.128	13.951
122	2.635	0.128	0.087	13.944
123	2.634	0.128	0.147	13.936
124	2.634	0.128	0.141	13.931
125	2.634	0.128	0.141	13.924
126	2.633	0.129	0.162	13.913
127	2.632	0.129	0.153	13.908
128	2.632	0.129	0.103	13.904
129	2.632	0.129	0.150	13.900
130	2.632	0.129	0.116	13.895
131	2.631	0.129	0.169	13.888
132	2.630	0.129	0.138	13.881
133	2.631	0.129	0.078	13.882
134	2.630	0.128	0.116	13.880
135	2.630	0.129	0.131	13.876
136	2.630	0.128	0.091	13.873
137	2.629	0.129	0.178	13.863
138	2.629	0.129	0.153	13.854
139	2.628	0.129	0.147	13.844
140	2.627	0.129	0.112	13.838
141	2.627	0.129	0.138	13.829
142	2.627	0.129	0.162	13.827
143	2.626	0.129	0.172	13.817
144	2.626	0.130	0.150	13.816
145	2.625	0.129	0.122	13.811
146	2.625	0.130	0.156	13.803
147	2.625	0.130	0.138	13.800
148	2.624	0.130	0.128	13.796
149	2.624	0.130	0.125	13.797
150	2.624	0.130	0.116	13.791
151	2.624	0.130	0.134	13.788
152	2.623	0.130	0.125	13.783
153	2.623	0.129	0.112	13.781
154	2.623	0.129	0.119	13.778
155	2.623	0.129	0.106	13.777
156	2.623	0.129	0.134	13.774
157	2.623	0.129	0.125	13.770
158	2.622	0.129	0.141	13.763
159	2.621	0.129	0.134	13.756
160	2.621	0.129	0.141	13.753
161	2.621	0.130	0.150	13.745
162	2.620	0.129	0.103	13.742
163	2.620	0.130	0.153	13.734
164	2.620	0.130	0.147	13.730
165	2.619	0.130	0.144	13.727
166	2.619	0.130	0.144	13.722
167	2.619	0.130	0.169	13.717
168	2.619	0.130	0.103	13.718
169	2.618	0.130	0.128	13.713
170	2.618	0.130	0.122	13.714
171	2.618	0.130	0.170	13.708
1	2.583	0.109	0.109	13.240
2	2.569	0.127	0.144	13.059
3	2.557	0.140	0.166	12.897
4	2.557	0.138	0.131	12.892
5	2.566	0.138	0.138	13.009
6	2.555	0.144	0.175	12.873
7	2.564	0.138	0.106	12.989
8	2.557	0.143	0.172	12.900
9	2.547	0.149	0.197	12.764
10	2.551	0.149	0.150	12.817
11	2.563	0.142	0.078	12.977
12	2.561	0.141	0.125	12.944
13	2.564	0.140	0.125	12.982
14	2.562	0.142	0.172	12.965
15	2.567	0.140	0.106	13.032
16	2.569	0.139	0.134	13.059
17	2.567	0.139	0.141	13.032
18	2.568	0.138	0.116	13.040
19	2.566	0.138	0.134	13.018
20	2.566	0.138	0.134	13.015
21	2.566	0.138	0.134	13.012
22	2.566	0.137	0.131	13.011
23	2.564	0.137	0.138	12.992
24	2.562	0.138	0.144	12.958
25	2.564	0.136	0.103	12.987
26	2.561	0.137	0.150	12.954
27	2.561	0.137	0.147	12.947
28	2.562	0.136	0.112	12.958
29	2.560	0.136	0.122	12.932
30	2.561	0.136	0.134	12.943
31	2.559	0.136	0.144	12.929
32	2.560	0.136	0.138	12.930
33	2.561	0.136	0.144	12.943
34	2.561	0.135	0.097	12.955
35	2.562	0.134	0.116	12.962
36	2.562	0.134	0.128	12.963
37	2.561	0.135	0.166	12.952
38	2.560	0.135	0.112	12.942
39	2.560	0.135	0.166	12.941
40	2.560	0.136	0.175	12.932
41	2.560	0.137	0.156	12.936
42	2.561	0.136	0.103	12.946
43	2.562	0.136	0.134	12.955
44	2.562	0.136	0.138	12.957
45	2.562	0.136	0.125	12.966
46	2.562	0.135	0.122	12.959
47	2.562	0.135	0.119	12.959
48	2.561	0.135	0.141	12.953
49	2.560	0.136	0.181	12.931
50	2.559	0.137	0.166	12.923
51	2.559	0.137	0.144	12.924
52	2.559	0.137	0.128	12.920
53	2.558	0.136	0.125	12.916
54	2.558	0.137	0.147	12.909
55	2.558	0.137	0.156	12.906
56	2.558	0.137	0.131	12.907
57	2.557	0.137	0.147	12.902
58	2.557	0.138	0.191	12.897
59	2.558	0.138	0.147	12.913
60	2.559	0.138	0.125	12.917
61	2.559	0.138	0.141	12.926
62	2.559	0.138	0.134	12.926
63	2.559	0.138	0.122	12.919
64	2.558	0.138	0.153	12.916
65	2.558	0.138	0.166	12.909
66	2.558	0.139	0.172	12.904
67	2.557	0.139	0.144	12.903
68	2.557	0.139	0.162	12.899
69	2.558	0.139	0.134	12.908
70	2.558	0.139	0.109	12.912
71	2.559	0.139	0.144	12.921
72	2.559	0.139	0.153	12.917
73	2.560	0.139	0.131	12.933
74	2.559	0.139	0.147	12.922
75	2.559	0.139	0.116	12.921
76	2.559	0.138	0.109	12.927
77	2.560	0.138	0.134	12.931
78	2.561	0.138	0.081	12.943
79	2.560	0.138	0.131	12.942
80	2.560	0.138	0.153	12.937
81	2.560	0.138	0.162	12.932
82	2.560	0.138	0.128	12.931
83	2.560	0.138	0.141	12.935
84	2.560	0.138	0.128	12.935
85	2.560	0.138	0.128	12.938
86	2.560	0.138	0.153	12.930
87	2.559	0.138	0.150	12.921
88	2.559	0.138	0.128	12.922
89	2.558	0.138	0.166	12.911
90	2.558	0.138	0.153	12.905
91	2.558	0.138	0.125	12.906
92	2.558	0.138	0.141	12.904
93	2.558	0.138	0.116	12.908
94	2.558	0.138	0.116	12.913
95	2.558	0.138	0.144	12.904
96	2.557	0.138	0.144	12.897
97	2.557	0.138	0.178	12.891
98	2.557	0.138	0.150	12.893
99	2.557	0.138	0.112	12.892
100	2.556	0.139	0.178	12.884
101	2.556	0.138	0.131	12.887
102	2.557	0.138	0.103	12.892
103	2.556	0.139	0.175	12.887
104	2.556	0.138	0.134	12.889
105	2.557	0.138	0.125	12.891
106	2.557	0.138	0.134	12.903
107	2.558	0.138	0.150	12.904
108	2.557	0.139	0.175	12.898
109	2.557	0.139	0.134	12.898
110	2.557	0.139	0.134	12.903
111	2.558	0.138	0.119	12.904
112	2.558	0.138	0.116	12.905
113	2.558	0.138	0.122	12.909
114	2.557	0.138	0.141	12.900
115	2.557	0.138	0.131	12.899
116	2.557	0.138	0.150	12.892
117	2.557	0.138	0.134	12.891
118	2.556	0.138	0.166	12.883
119	2.556	0.139	0.181	12.881
120	2.556	0.139	0.169	12.878
121	2.555	0.139	0.147	12.874
122	2.555	0.139	0.144	12.871
123	2.555	0.139	0.150	12.872
124	2.554	0.140	0.213	12.863
125	2.554	0.140	0.131	12.861
126	2.554	0.140	0.147	12.859
127	2.553	0.140	0.156	12.851
128	2.554	0.140	0.144	12.854
129	2.553	0.140	0.131	12.849
130	2.553	0.140	0.134	12.850
131	2.554	0.140	0.128	12.855
132	2.554	0.140	0.116	12.859
133	2.554	0.140	0.169	12.853
134	2.554	0.140	0.138	12.858
135	2.554	0.140	0.128	12.861
136	2.554	0.140	0.191	12.852
137	2.553	0.140	0.131	12.852
138	2.553	0.140	0.141	12.848
139	2.553	0.140	0.144	12.851
140	2.553	0.140	0.138	12.850
141	2.553	0.140	0.156	12.850
142	2.553	0.140	0.131	12.842
143	2.553	0.140	0.116	12.843
144	2.553	0.140	0.172	12.842
145	2.552	0.140	0.119	12.838
146	2.552	0.140	0.150	12.837
147	2.552	0.140	0.153	12.838
148	2.553	0.140	0.119	12.842
149	2.553	0.140	0.100	12.846
150	2.553	0.139	0.091	12.845
151	2.552	0.140	0.162	12.839
152	2.552	0.140	0.144	12.837
153	2.552	0.140	0.175	12.833
154	2.552	0.140	0.138	12.834
155	2.552	0.140	0.138	12.833
156	2.552	0.140	0.166	12.829
157	2.551	0.140	0.169	12.824
158	2.551	0.140	0.128	12.823
159	2.551	0.140	0.138	12.820
160	2.551	0.140	0.147	12.822
161	2.551	0.140	0.166	12.819
162	2.551	0.140	0.144	12.817
163	2.551	0.140	0.172	12.814
164	2.550	0.141	0.156	12.811
165	2.550	0.141	0.141	12.807
166	2.550	0.141	0.159	12.801
167	2.549	0.141	0.144	12.799
168	2.549	0.141	0.147	12.796
169	2.549	0.141	0.147	12.791
170	2.548	0.141	0.188	12.783
171	2.548	0.141	0.189	12.778
test_index	loss	acc	batch_acc	perp
1	1.466	0.394	0.394	4.330
2	1.852	0.325	0.256	6.369
3	2.101	0.255	0.116	8.173
4	2.210	0.220	0.116	9.120
5	2.294	0.198	0.109	9.917
6	2.346	0.187	0.131	10.441
7	2.384	0.173	0.087	10.845
8	2.421	0.163	0.094	11.260
9	2.433	0.159	0.131	11.394
10	2.447	0.157	0.141	11.559
11	2.457	0.155	0.134	11.670
12	2.469	0.149	0.078	11.807
13	2.476	0.149	0.153	11.897
14	2.484	0.148	0.134	11.989
15	2.490	0.148	0.141	12.060
16	2.490	0.151	0.203	12.064
17	2.493	0.153	0.175	12.102
18	2.498	0.152	0.138	12.158
19	2.503	0.150	0.116	12.217
20	2.504	0.148	0.112	12.230
21	2.509	0.146	0.112	12.290
22	2.511	0.146	0.147	12.318
23	2.514	0.145	0.106	12.349
24	2.517	0.143	0.100	12.395
25	2.525	0.141	0.100	12.488
26	2.528	0.141	0.138	12.523
27	2.531	0.139	0.081	12.564
28	2.531	0.140	0.175	12.566
29	2.530	0.142	0.188	12.551
30	2.531	0.141	0.119	12.568
31	2.530	0.142	0.166	12.559
32	2.531	0.142	0.147	12.571
33	2.535	0.140	0.091	12.621
34	2.536	0.141	0.156	12.633
35	2.533	0.142	0.200	12.592
36	2.535	0.142	0.125	12.619
37	2.534	0.142	0.141	12.607
38	2.530	0.143	0.172	12.553
39	2.531	0.142	0.122	12.564
40	2.532	0.142	0.156	12.583
41	2.528	0.144	0.188	12.532
42	2.530	0.142	0.081	12.552
43	2.528	0.143	0.175	12.524
44	2.526	0.144	0.191	12.507
45	2.526	0.144	0.153	12.507
46	2.526	0.145	0.181	12.498
47	2.521	0.147	0.222	12.435
48	2.523	0.146	0.119	12.461
49	2.523	0.146	0.169	12.469
50	2.519	0.148	0.206	12.416
51	2.516	0.149	0.216	12.373
52	2.516	0.149	0.156	12.383
53	2.518	0.148	0.103	12.407
54	2.512	0.150	0.266	12.332
55	2.513	0.151	0.169	12.339
56	2.515	0.150	0.100	12.363
57	2.514	0.151	0.200	12.353
58	2.511	0.152	0.197	12.322
59	2.513	0.151	0.131	12.340
60	2.514	0.151	0.122	12.349
61	2.510	0.152	0.222	12.299
62	2.507	0.152	0.181	12.274
63	2.509	0.152	0.159	12.289
64	2.508	0.153	0.175	12.280
65	2.502	0.155	0.294	12.205
66	2.503	0.155	0.125	12.224
67	2.505	0.154	0.112	12.245
68	2.501	0.155	0.222	12.194
69	2.499	0.156	0.203	12.170
70	2.500	0.155	0.125	12.185
71	2.501	0.155	0.162	12.196
72	2.497	0.156	0.222	12.149
73	2.497	0.156	0.138	12.144
74	2.498	0.156	0.128	12.158
75	2.497	0.156	0.191	12.143
76	2.495	0.157	0.231	12.118
77	2.496	0.156	0.112	12.131
78	2.497	0.156	0.134	12.141
79	2.495	0.157	0.228	12.119
80	2.494	0.158	0.197	12.104
81	2.495	0.157	0.103	12.124
82	2.496	0.157	0.166	12.136
83	2.493	0.158	0.256	12.093
84	2.493	0.158	0.141	12.096
85	2.494	0.158	0.141	12.113
86	2.493	0.159	0.225	12.092
87	2.492	0.159	0.188	12.084
88	2.493	0.159	0.156	12.094
89	2.493	0.159	0.138	12.093
90	2.490	0.159	0.200	12.061
91	2.491	0.159	0.128	12.076
92	2.492	0.159	0.156	12.088
93	2.491	0.159	0.225	12.075
94	2.490	0.160	0.191	12.065
95	2.491	0.159	0.103	12.076
96	2.491	0.159	0.162	12.077
97	2.488	0.160	0.266	12.043
98	2.489	0.160	0.122	12.050
99	2.490	0.160	0.119	12.065
100	2.489	0.160	0.197	12.053
101	2.487	0.161	0.244	12.021
102	2.487	0.161	0.156	12.030
103	2.489	0.160	0.069	12.053
104	2.489	0.160	0.200	12.048
105	2.488	0.160	0.147	12.043
106	2.489	0.160	0.141	12.054
107	2.490	0.160	0.175	12.062
108	2.488	0.161	0.247	12.036
109	2.488	0.160	0.109	12.041
110	2.490	0.160	0.094	12.058
111	2.491	0.159	0.131	12.068
112	2.491	0.159	0.122	12.078
113	2.492	0.159	0.128	12.089
114	2.493	0.159	0.144	12.097
115	2.493	0.159	0.184	12.098
116	2.493	0.159	0.184	12.102
117	2.493	0.159	0.166	12.102
118	2.494	0.159	0.122	12.114
119	2.496	0.158	0.106	12.128
120	2.496	0.158	0.138	12.133
121	2.497	0.158	0.106	12.141
122	2.497	0.157	0.106	12.152
123	2.499	0.157	0.075	12.169
124	2.500	0.156	0.084	12.184
125	2.501	0.156	0.119	12.189
126	2.501	0.156	0.109	12.200
127	2.502	0.155	0.131	12.208
128	2.502	0.155	0.141	12.210
129	2.503	0.155	0.109	12.221
130	2.503	0.155	0.172	12.224
131	2.504	0.155	0.125	12.229
132	2.504	0.155	0.141	12.233
133	2.505	0.154	0.119	12.238
134	2.505	0.155	0.184	12.240
135	2.505	0.155	0.147	12.248
136	2.506	0.154	0.134	12.257
137	2.507	0.154	0.094	12.267
138	2.507	0.154	0.191	12.267
139	2.507	0.154	0.150	12.268
140	2.507	0.154	0.188	12.271
141	2.508	0.154	0.119	12.281
142	2.509	0.154	0.144	12.287
143	2.509	0.154	0.131	12.289
144	2.509	0.153	0.075	12.297
145	2.510	0.153	0.138	12.305
146	2.510	0.153	0.125	12.309
147	2.511	0.153	0.144	12.313
148	2.512	0.153	0.103	12.326
149	2.512	0.152	0.081	12.335
150	2.513	0.152	0.075	12.344
151	2.514	0.151	0.116	12.348
152	2.514	0.151	0.119	12.355
153	2.515	0.151	0.084	12.364
154	2.515	0.151	0.128	12.368
155	2.516	0.151	0.138	12.376
156	2.516	0.150	0.116	12.384
157	2.517	0.150	0.144	12.388
158	2.517	0.151	0.194	12.388
159	2.518	0.150	0.066	12.398
160	2.518	0.150	0.078	12.409
161	2.519	0.149	0.122	12.412
162	2.519	0.149	0.091	12.420
163	2.520	0.149	0.103	12.428
164	2.521	0.149	0.109	12.438
165	2.521	0.148	0.087	12.445
166	2.522	0.148	0.078	12.450
167	2.523	0.147	0.103	12.461
168	2.523	0.147	0.128	12.464
169	2.523	0.147	0.166	12.467
170	2.523	0.147	0.141	12.470
