train_index	loss	acc	batch_acc	perp
1	2.895	0.010	0.010	18.080
2	2.888	0.036	0.062	17.958
3	2.872	0.056	0.094	17.673
4	2.865	0.057	0.062	17.541
5	2.852	0.058	0.062	17.327
6	2.841	0.068	0.115	17.134
7	2.832	0.071	0.094	16.985
8	2.825	0.066	0.031	16.862
9	2.821	0.069	0.094	16.791
10	2.813	0.073	0.104	16.662
11	2.801	0.079	0.135	16.466
12	2.797	0.081	0.104	16.397
13	2.796	0.081	0.083	16.373
14	2.795	0.080	0.073	16.368
15	2.788	0.084	0.135	16.253
16	2.790	0.085	0.094	16.278
17	2.788	0.084	0.073	16.245
18	2.783	0.086	0.125	16.172
19	2.781	0.090	0.167	16.136
20	2.781	0.090	0.083	16.130
21	2.781	0.089	0.073	16.137
22	2.780	0.088	0.062	16.117
23	2.778	0.087	0.073	16.094
24	2.776	0.088	0.094	16.053
25	2.773	0.089	0.115	16.001
26	2.770	0.090	0.125	15.958
27	2.769	0.091	0.115	15.936
28	2.768	0.092	0.104	15.919
29	2.765	0.091	0.062	15.887
30	2.764	0.092	0.146	15.859
31	2.761	0.092	0.083	15.819
32	2.761	0.092	0.104	15.809
33	2.760	0.092	0.062	15.800
34	2.758	0.093	0.146	15.765
35	2.756	0.093	0.104	15.738
36	2.752	0.096	0.188	15.676
37	2.753	0.096	0.083	15.684
38	2.752	0.096	0.094	15.680
39	2.750	0.096	0.094	15.649
40	2.749	0.096	0.104	15.627
41	2.749	0.097	0.125	15.623
42	2.748	0.097	0.104	15.605
43	2.746	0.097	0.104	15.586
44	2.746	0.097	0.094	15.584
45	2.744	0.097	0.125	15.549
46	2.742	0.098	0.115	15.521
47	2.741	0.098	0.104	15.508
48	2.740	0.098	0.104	15.493
49	2.740	0.099	0.135	15.490
50	2.740	0.099	0.094	15.487
51	2.739	0.099	0.115	15.474
52	2.738	0.099	0.094	15.459
53	2.737	0.098	0.073	15.448
54	2.738	0.098	0.062	15.463
55	2.738	0.098	0.135	15.449
56	2.737	0.099	0.104	15.442
57	2.736	0.099	0.135	15.422
58	2.736	0.099	0.062	15.425
59	2.735	0.099	0.146	15.410
60	2.733	0.100	0.146	15.379
61	2.733	0.100	0.073	15.373
62	2.731	0.100	0.125	15.354
63	2.731	0.101	0.135	15.341
64	2.729	0.102	0.156	15.325
65	2.727	0.102	0.135	15.289
66	2.727	0.102	0.083	15.280
67	2.726	0.103	0.177	15.272
68	2.725	0.103	0.115	15.253
69	2.722	0.105	0.208	15.210
70	2.720	0.105	0.156	15.187
71	2.719	0.105	0.104	15.172
72	2.720	0.105	0.073	15.183
73	2.718	0.105	0.135	15.153
74	2.717	0.105	0.115	15.142
75	2.716	0.106	0.125	15.118
76	2.715	0.106	0.104	15.104
77	2.713	0.106	0.125	15.074
78	2.712	0.106	0.083	15.059
79	2.711	0.106	0.115	15.050
80	2.709	0.106	0.146	15.019
81	2.709	0.107	0.135	15.011
82	2.707	0.107	0.167	14.981
83	2.707	0.107	0.104	14.978
84	2.705	0.108	0.156	14.953
85	2.703	0.109	0.198	14.918
86	2.701	0.109	0.146	14.902
87	2.700	0.110	0.146	14.873
88	2.698	0.110	0.135	14.852
89	2.697	0.110	0.146	14.832
90	2.696	0.111	0.167	14.822
91	2.693	0.112	0.198	14.780
92	2.692	0.112	0.062	14.765
93	2.691	0.112	0.135	14.741
1	2.891	0.104	0.104	18.010
2	2.877	0.130	0.156	17.757
3	2.865	0.111	0.073	17.554
4	2.843	0.107	0.094	17.175
5	2.844	0.096	0.052	17.184
6	2.845	0.090	0.062	17.197
7	2.847	0.091	0.094	17.229
8	2.843	0.085	0.042	17.169
9	2.838	0.087	0.104	17.074
10	2.835	0.083	0.052	17.024
11	2.828	0.080	0.052	16.919
12	2.822	0.077	0.042	16.811
13	2.819	0.077	0.073	16.767
14	2.816	0.077	0.073	16.711
15	2.815	0.074	0.031	16.689
16	2.815	0.074	0.073	16.687
17	2.809	0.074	0.083	16.596
18	2.808	0.076	0.104	16.583
19	2.806	0.076	0.073	16.546
20	2.806	0.077	0.104	16.540
21	2.801	0.079	0.125	16.465
22	2.800	0.080	0.094	16.441
23	2.798	0.081	0.094	16.419
24	2.795	0.082	0.125	16.355
25	2.793	0.082	0.062	16.333
26	2.790	0.083	0.115	16.275
27	2.788	0.083	0.073	16.251
28	2.783	0.085	0.156	16.170
29	2.778	0.087	0.125	16.087
30	2.777	0.085	0.031	16.078
31	2.778	0.084	0.062	16.083
32	2.777	0.085	0.104	16.073
33	2.774	0.086	0.125	16.017
34	2.770	0.086	0.104	15.959
35	2.770	0.086	0.083	15.951
36	2.767	0.087	0.094	15.911
37	2.766	0.087	0.094	15.896
38	2.764	0.090	0.198	15.865
39	2.764	0.089	0.073	15.865
40	2.763	0.090	0.125	15.840
41	2.760	0.092	0.156	15.797
42	2.759	0.092	0.104	15.791
43	2.760	0.093	0.115	15.801
44	2.760	0.092	0.062	15.793
45	2.757	0.092	0.115	15.755
46	2.755	0.093	0.115	15.728
47	2.754	0.093	0.094	15.700
48	2.752	0.093	0.104	15.677
49	2.750	0.095	0.167	15.644
50	2.749	0.094	0.073	15.631
51	2.749	0.094	0.083	15.627
52	2.747	0.096	0.177	15.603
53	2.745	0.096	0.094	15.571
54	2.744	0.096	0.125	15.557
55	2.743	0.097	0.125	15.535
56	2.742	0.097	0.115	15.513
57	2.740	0.098	0.167	15.493
58	2.739	0.099	0.135	15.467
59	2.738	0.099	0.135	15.452
60	2.737	0.099	0.104	15.441
61	2.736	0.099	0.094	15.432
62	2.735	0.100	0.146	15.415
63	2.734	0.101	0.125	15.401
64	2.734	0.101	0.135	15.387
65	2.733	0.101	0.094	15.379
66	2.731	0.102	0.177	15.350
67	2.730	0.103	0.156	15.327
68	2.729	0.103	0.094	15.320
69	2.728	0.103	0.083	15.305
70	2.727	0.103	0.156	15.281
71	2.724	0.104	0.188	15.245
72	2.722	0.105	0.156	15.216
73	2.721	0.105	0.115	15.194
74	2.720	0.106	0.188	15.177
75	2.720	0.107	0.135	15.174
76	2.719	0.107	0.115	15.160
77	2.717	0.107	0.125	15.134
78	2.717	0.107	0.094	15.129
79	2.716	0.108	0.156	15.118
80	2.715	0.108	0.125	15.111
81	2.714	0.108	0.083	15.085
82	2.712	0.109	0.240	15.056
83	2.710	0.110	0.188	15.022
84	2.708	0.111	0.167	15.005
85	2.707	0.111	0.146	14.983
86	2.705	0.112	0.177	14.961
87	2.705	0.112	0.125	14.949
88	2.703	0.113	0.156	14.929
89	2.702	0.113	0.156	14.910
90	2.701	0.114	0.198	14.889
91	2.700	0.114	0.125	14.879
92	2.699	0.114	0.083	14.860
93	2.698	0.114	0.115	14.849
94	2.696	0.115	0.188	14.826
95	2.696	0.114	0.094	14.818
96	2.695	0.114	0.083	14.808
97	2.695	0.114	0.094	14.805
98	2.694	0.114	0.177	14.785
99	2.692	0.115	0.198	14.762
100	2.690	0.116	0.167	14.736
101	2.689	0.116	0.115	14.723
102	2.688	0.116	0.167	14.702
103	2.687	0.116	0.125	14.690
104	2.685	0.117	0.146	14.661
105	2.684	0.117	0.146	14.641
106	2.682	0.117	0.167	14.620
107	2.681	0.118	0.135	14.605
108	2.680	0.118	0.167	14.581
109	2.678	0.118	0.135	14.559
110	2.677	0.119	0.177	14.542
111	2.675	0.120	0.208	14.513
112	2.674	0.119	0.104	14.491
113	2.672	0.119	0.115	14.475
114	2.671	0.120	0.167	14.458
115	2.671	0.120	0.146	14.450
116	2.669	0.120	0.167	14.431
117	2.668	0.121	0.198	14.407
118	2.666	0.121	0.125	14.388
119	2.664	0.121	0.146	14.358
120	2.663	0.122	0.146	14.335
121	2.660	0.122	0.188	14.296
122	2.658	0.123	0.188	14.264
123	2.657	0.123	0.167	14.249
124	2.656	0.123	0.094	14.235
125	2.654	0.123	0.177	14.208
126	2.652	0.124	0.167	14.184
127	2.649	0.125	0.271	14.146
128	2.648	0.125	0.146	14.130
129	2.648	0.125	0.115	14.122
130	2.646	0.125	0.167	14.100
131	2.644	0.126	0.250	14.068
132	2.642	0.126	0.167	14.047
133	2.641	0.127	0.156	14.029
134	2.641	0.126	0.094	14.020
135	2.639	0.126	0.146	13.998
136	2.637	0.127	0.219	13.970
137	2.635	0.127	0.167	13.947
138	2.633	0.128	0.198	13.916
139	2.632	0.128	0.167	13.898
140	2.630	0.129	0.208	13.874
141	2.628	0.129	0.198	13.850
142	2.626	0.130	0.250	13.819
143	2.624	0.131	0.208	13.793
144	2.622	0.131	0.167	13.766
145	2.620	0.131	0.156	13.737
146	2.618	0.131	0.167	13.711
147	2.616	0.132	0.177	13.687
148	2.616	0.132	0.146	13.677
149	2.614	0.132	0.188	13.657
150	2.613	0.132	0.156	13.644
151	2.612	0.133	0.198	13.623
152	2.611	0.133	0.115	13.617
153	2.610	0.133	0.188	13.593
154	2.607	0.134	0.302	13.558
155	2.606	0.134	0.188	13.544
156	2.604	0.135	0.198	13.522
157	2.603	0.135	0.104	13.503
158	2.602	0.135	0.125	13.489
159	2.600	0.135	0.208	13.468
160	2.599	0.135	0.167	13.451
161	2.598	0.135	0.156	13.433
162	2.596	0.136	0.177	13.411
163	2.595	0.136	0.167	13.399
164	2.594	0.136	0.167	13.378
165	2.592	0.136	0.188	13.352
166	2.590	0.137	0.188	13.334
167	2.589	0.137	0.125	13.316
168	2.588	0.136	0.094	13.297
169	2.586	0.137	0.198	13.275
170	2.584	0.137	0.188	13.256
171	2.583	0.137	0.167	13.238
172	2.582	0.137	0.177	13.219
173	2.580	0.137	0.115	13.198
174	2.580	0.137	0.115	13.192
175	2.579	0.137	0.146	13.181
176	2.577	0.138	0.240	13.152
177	2.576	0.138	0.167	13.138
178	2.574	0.138	0.229	13.113
179	2.572	0.139	0.219	13.095
180	2.571	0.139	0.177	13.083
181	2.570	0.140	0.240	13.061
182	2.568	0.140	0.208	13.040
183	2.567	0.140	0.156	13.024
184	2.565	0.140	0.188	13.004
185	2.565	0.140	0.156	12.999
186	2.563	0.141	0.177	12.980
187	2.562	0.141	0.146	12.968
188	2.562	0.141	0.156	12.958
189	2.561	0.141	0.177	12.942
190	2.559	0.141	0.188	12.927
191	2.558	0.141	0.188	12.909
192	2.557	0.142	0.208	12.891
193	2.555	0.142	0.167	12.872
194	2.553	0.143	0.260	12.850
195	2.552	0.143	0.167	12.831
196	2.550	0.143	0.188	12.810
197	2.549	0.143	0.156	12.798
198	2.548	0.143	0.156	12.783
199	2.547	0.143	0.177	12.769
200	2.546	0.143	0.156	12.754
201	2.545	0.143	0.094	12.743
202	2.544	0.143	0.146	12.729
203	2.543	0.143	0.188	12.713
204	2.542	0.143	0.156	12.702
205	2.541	0.143	0.167	12.692
206	2.540	0.143	0.156	12.681
207	2.539	0.144	0.167	12.663
208	2.537	0.143	0.125	12.646
209	2.536	0.143	0.135	12.634
210	2.535	0.144	0.156	12.619
211	2.534	0.144	0.188	12.601
212	2.533	0.144	0.125	12.588
213	2.531	0.144	0.156	12.569
214	2.530	0.144	0.146	12.557
215	2.529	0.144	0.198	12.544
216	2.528	0.144	0.188	12.529
217	2.527	0.144	0.188	12.511
218	2.526	0.144	0.104	12.505
219	2.525	0.144	0.156	12.489
220	2.525	0.144	0.135	12.485
221	2.524	0.144	0.208	12.472
222	2.523	0.144	0.135	12.463
223	2.521	0.145	0.229	12.444
224	2.521	0.145	0.156	12.436
225	2.519	0.145	0.260	12.421
226	2.518	0.146	0.198	12.407
227	2.518	0.146	0.167	12.402
228	2.517	0.146	0.198	12.390
229	2.516	0.146	0.156	12.378
230	2.515	0.146	0.167	12.367
231	2.514	0.146	0.156	12.357
232	2.513	0.146	0.208	12.346
233	2.512	0.147	0.188	12.333
234	2.511	0.147	0.188	12.319
235	2.511	0.147	0.146	12.312
236	2.510	0.147	0.146	12.300
237	2.509	0.147	0.115	12.290
238	2.508	0.147	0.156	12.284
239	2.508	0.146	0.094	12.276
240	2.507	0.146	0.156	12.268
241	2.506	0.147	0.188	12.257
242	2.505	0.147	0.125	12.249
243	2.504	0.146	0.125	12.236
244	2.504	0.146	0.104	12.226
245	2.503	0.146	0.167	12.219
246	2.502	0.146	0.146	12.212
247	2.502	0.146	0.146	12.205
248	2.501	0.147	0.188	12.195
249	2.500	0.147	0.146	12.187
250	2.500	0.147	0.146	12.179
251	2.499	0.146	0.073	12.171
252	2.498	0.146	0.167	12.163
253	2.498	0.146	0.115	12.158
254	2.497	0.146	0.229	12.144
255	2.496	0.147	0.198	12.135
256	2.495	0.147	0.156	12.123
257	2.494	0.147	0.177	12.115
258	2.494	0.147	0.156	12.106
259	2.493	0.147	0.125	12.102
260	2.492	0.147	0.188	12.088
261	2.491	0.147	0.229	12.076
262	2.490	0.148	0.208	12.066
263	2.490	0.148	0.156	12.060
264	2.489	0.148	0.188	12.049
265	2.488	0.148	0.115	12.039
266	2.487	0.148	0.198	12.029
267	2.487	0.148	0.198	12.021
268	2.486	0.148	0.198	12.011
269	2.485	0.148	0.167	12.005
270	2.485	0.148	0.208	11.995
271	2.484	0.149	0.260	11.989
272	2.483	0.149	0.167	11.981
273	2.483	0.149	0.125	11.978
274	2.482	0.149	0.219	11.969
275	2.482	0.149	0.177	11.964
276	2.481	0.150	0.250	11.952
277	2.480	0.150	0.156	11.946
278	2.480	0.150	0.208	11.940
279	2.479	0.150	0.198	11.932
280	2.479	0.150	0.177	11.927
281	2.478	0.150	0.229	11.918
282	2.477	0.150	0.135	11.908
283	2.477	0.150	0.177	11.900
284	2.476	0.150	0.156	11.891
285	2.475	0.150	0.135	11.886
286	2.475	0.150	0.146	11.880
287	2.474	0.151	0.219	11.869
288	2.474	0.150	0.125	11.866
289	2.473	0.151	0.219	11.856
290	2.472	0.151	0.167	11.847
291	2.471	0.151	0.177	11.840
292	2.471	0.151	0.188	11.829
293	2.470	0.151	0.229	11.822
294	2.469	0.151	0.167	11.814
295	2.468	0.152	0.219	11.805
296	2.468	0.151	0.125	11.796
297	2.467	0.151	0.146	11.788
298	2.466	0.151	0.125	11.781
299	2.466	0.151	0.188	11.771
300	2.465	0.152	0.188	11.761
301	2.464	0.152	0.135	11.753
302	2.464	0.152	0.271	11.747
303	2.463	0.152	0.146	11.741
304	2.463	0.152	0.177	11.736
305	2.462	0.152	0.177	11.728
306	2.461	0.152	0.219	11.721
307	2.461	0.152	0.125	11.718
308	2.461	0.152	0.125	11.716
309	2.460	0.152	0.146	11.711
310	2.460	0.152	0.198	11.704
311	2.459	0.152	0.208	11.698
312	2.459	0.152	0.146	11.697
313	2.459	0.152	0.135	11.692
314	2.458	0.153	0.229	11.683
315	2.457	0.153	0.167	11.673
316	2.456	0.153	0.312	11.660
317	2.456	0.153	0.188	11.655
318	2.455	0.154	0.271	11.646
319	2.454	0.154	0.219	11.639
320	2.454	0.154	0.115	11.636
321	2.454	0.154	0.177	11.631
322	2.453	0.154	0.135	11.626
323	2.453	0.154	0.188	11.622
324	2.452	0.154	0.188	11.617
325	2.452	0.154	0.219	11.611
326	2.451	0.154	0.188	11.604
327	2.451	0.154	0.167	11.599
328	2.450	0.154	0.188	11.594
329	2.450	0.154	0.198	11.587
330	2.449	0.155	0.198	11.581
331	2.449	0.155	0.135	11.580
332	2.449	0.155	0.302	11.571
333	2.448	0.155	0.219	11.564
334	2.447	0.155	0.208	11.553
335	2.446	0.156	0.292	11.545
336	2.446	0.156	0.219	11.538
337	2.445	0.156	0.135	11.534
338	2.445	0.156	0.188	11.525
339	2.444	0.156	0.260	11.517
340	2.443	0.156	0.198	11.511
341	2.443	0.156	0.125	11.505
342	2.443	0.156	0.159	11.502
1	2.288	0.250	0.250	9.859
2	2.320	0.208	0.167	10.181
3	2.288	0.194	0.167	9.852
4	2.282	0.208	0.250	9.801
5	2.309	0.202	0.177	10.060
6	2.285	0.200	0.188	9.825
7	2.272	0.199	0.198	9.703
8	2.272	0.204	0.240	9.701
9	2.274	0.198	0.146	9.720
10	2.276	0.196	0.177	9.742
11	2.260	0.201	0.250	9.580
12	2.262	0.199	0.177	9.606
13	2.263	0.200	0.219	9.607
14	2.267	0.198	0.167	9.655
15	2.273	0.197	0.177	9.713
16	2.269	0.195	0.177	9.675
17	2.269	0.200	0.271	9.671
18	2.271	0.198	0.167	9.690
19	2.273	0.200	0.240	9.710
20	2.270	0.204	0.271	9.680
21	2.275	0.201	0.146	9.732
22	2.275	0.199	0.156	9.729
23	2.275	0.197	0.167	9.728
24	2.277	0.196	0.156	9.748
25	2.273	0.198	0.240	9.713
26	2.277	0.194	0.104	9.750
27	2.277	0.195	0.229	9.748
28	2.283	0.190	0.062	9.807
29	2.280	0.192	0.229	9.779
30	2.279	0.194	0.250	9.771
31	2.281	0.192	0.146	9.790
32	2.284	0.190	0.115	9.811
33	2.284	0.190	0.198	9.814
34	2.281	0.191	0.240	9.791
35	2.279	0.193	0.250	9.769
36	2.279	0.192	0.156	9.765
37	2.277	0.193	0.208	9.745
38	2.278	0.192	0.167	9.760
39	2.279	0.192	0.198	9.764
40	2.279	0.191	0.167	9.768
41	2.278	0.190	0.146	9.756
42	2.277	0.191	0.219	9.750
43	2.278	0.192	0.219	9.762
44	2.279	0.191	0.146	9.764
45	2.279	0.191	0.188	9.765
46	2.280	0.190	0.177	9.773
47	2.280	0.189	0.156	9.777
48	2.281	0.189	0.188	9.783
49	2.281	0.189	0.167	9.785
50	2.282	0.189	0.167	9.795
51	2.281	0.189	0.229	9.786
52	2.280	0.190	0.240	9.774
53	2.280	0.190	0.177	9.775
54	2.279	0.190	0.177	9.769
55	2.280	0.191	0.250	9.776
56	2.279	0.191	0.188	9.771
57	2.279	0.191	0.177	9.766
58	2.280	0.189	0.094	9.777
59	2.279	0.190	0.240	9.766
60	2.278	0.190	0.229	9.757
61	2.278	0.190	0.146	9.758
62	2.279	0.189	0.146	9.763
63	2.278	0.189	0.208	9.758
64	2.277	0.190	0.229	9.747
65	2.277	0.190	0.208	9.744
66	2.278	0.190	0.198	9.755
67	2.277	0.190	0.188	9.751
68	2.276	0.191	0.229	9.739
69	2.276	0.191	0.167	9.737
70	2.275	0.191	0.229	9.729
71	2.275	0.192	0.229	9.726
72	2.273	0.192	0.240	9.708
73	2.271	0.192	0.208	9.692
74	2.270	0.193	0.229	9.683
75	2.269	0.193	0.229	9.672
76	2.270	0.194	0.208	9.675
77	2.270	0.194	0.188	9.675
78	2.268	0.194	0.208	9.661
79	2.268	0.195	0.260	9.663
80	2.267	0.195	0.250	9.646
81	2.268	0.195	0.167	9.655
82	2.268	0.195	0.229	9.659
83	2.268	0.195	0.167	9.659
84	2.269	0.195	0.177	9.671
85	2.272	0.195	0.188	9.696
86	2.272	0.194	0.156	9.699
87	2.273	0.194	0.198	9.710
88	2.274	0.193	0.094	9.720
89	2.275	0.193	0.188	9.732
90	2.275	0.194	0.229	9.725
91	2.275	0.193	0.188	9.731
92	2.275	0.194	0.208	9.732
93	2.276	0.193	0.177	9.733
94	2.276	0.194	0.229	9.742
95	2.277	0.193	0.125	9.744
96	2.276	0.192	0.125	9.739
97	2.277	0.192	0.135	9.750
98	2.278	0.192	0.177	9.756
99	2.277	0.192	0.208	9.747
100	2.276	0.192	0.167	9.738
101	2.276	0.191	0.125	9.737
102	2.275	0.192	0.302	9.724
103	2.274	0.192	0.208	9.723
104	2.275	0.192	0.146	9.727
105	2.275	0.191	0.146	9.725
106	2.275	0.191	0.198	9.728
107	2.275	0.191	0.198	9.731
108	2.275	0.192	0.240	9.725
109	2.275	0.191	0.146	9.723
110	2.275	0.191	0.146	9.730
111	2.275	0.191	0.208	9.727
112	2.274	0.191	0.229	9.716
113	2.273	0.192	0.271	9.708
114	2.273	0.193	0.260	9.708
115	2.273	0.192	0.135	9.705
116	2.273	0.192	0.156	9.710
117	2.273	0.192	0.177	9.711
118	2.273	0.192	0.188	9.710
119	2.273	0.192	0.156	9.708
120	2.272	0.192	0.240	9.702
121	2.273	0.192	0.146	9.709
122	2.273	0.192	0.198	9.708
123	2.273	0.191	0.156	9.711
124	2.273	0.191	0.208	9.706
125	2.273	0.191	0.177	9.707
126	2.273	0.191	0.104	9.712
127	2.273	0.191	0.188	9.705
128	2.272	0.191	0.240	9.699
129	2.272	0.191	0.208	9.701
130	2.271	0.192	0.312	9.689
131	2.271	0.192	0.198	9.686
132	2.271	0.192	0.156	9.686
133	2.270	0.192	0.156	9.681
134	2.270	0.191	0.167	9.684
135	2.271	0.191	0.167	9.692
136	2.272	0.191	0.146	9.697
137	2.272	0.190	0.104	9.703
138	2.273	0.190	0.219	9.711
139	2.273	0.190	0.177	9.707
140	2.272	0.190	0.198	9.698
141	2.272	0.190	0.135	9.702
142	2.272	0.190	0.198	9.699
143	2.272	0.190	0.135	9.700
144	2.272	0.190	0.198	9.696
145	2.272	0.190	0.188	9.698
146	2.272	0.190	0.198	9.701
147	2.272	0.190	0.188	9.700
148	2.272	0.190	0.219	9.696
149	2.272	0.190	0.208	9.697
150	2.271	0.191	0.281	9.688
151	2.270	0.191	0.240	9.683
152	2.270	0.191	0.219	9.682
153	2.270	0.191	0.208	9.680
154	2.270	0.191	0.188	9.682
155	2.270	0.191	0.208	9.683
156	2.270	0.191	0.177	9.678
157	2.270	0.192	0.240	9.679
158	2.270	0.191	0.156	9.681
159	2.271	0.191	0.125	9.690
160	2.271	0.191	0.229	9.686
161	2.270	0.192	0.281	9.679
162	2.270	0.192	0.198	9.681
163	2.270	0.192	0.188	9.680
164	2.270	0.192	0.156	9.682
165	2.270	0.191	0.156	9.683
166	2.271	0.191	0.156	9.689
167	2.271	0.191	0.240	9.690
168	2.271	0.191	0.177	9.693
169	2.272	0.191	0.146	9.696
170	2.272	0.191	0.188	9.698
171	2.273	0.190	0.094	9.704
172	2.273	0.190	0.094	9.709
173	2.273	0.190	0.188	9.709
174	2.274	0.190	0.156	9.714
175	2.274	0.190	0.198	9.715
176	2.274	0.190	0.240	9.715
177	2.273	0.190	0.250	9.708
178	2.272	0.190	0.188	9.704
179	2.272	0.190	0.156	9.702
180	2.272	0.191	0.271	9.701
181	2.272	0.191	0.219	9.695
182	2.271	0.191	0.229	9.690
183	2.271	0.191	0.208	9.685
184	2.270	0.191	0.177	9.682
185	2.270	0.191	0.260	9.680
186	2.270	0.192	0.229	9.678
187	2.269	0.191	0.167	9.673
188	2.270	0.191	0.115	9.677
189	2.269	0.191	0.250	9.674
190	2.270	0.191	0.167	9.677
191	2.271	0.191	0.167	9.684
192	2.270	0.191	0.250	9.677
193	2.270	0.191	0.156	9.678
194	2.269	0.191	0.240	9.669
195	2.269	0.191	0.094	9.674
196	2.269	0.191	0.198	9.674
197	2.269	0.191	0.229	9.674
198	2.269	0.191	0.250	9.673
199	2.269	0.192	0.198	9.672
200	2.269	0.192	0.208	9.667
201	2.269	0.191	0.125	9.671
202	2.269	0.191	0.177	9.672
203	2.269	0.191	0.188	9.673
204	2.269	0.191	0.240	9.671
205	2.269	0.191	0.177	9.670
206	2.269	0.191	0.219	9.670
207	2.269	0.192	0.240	9.671
208	2.269	0.192	0.219	9.668
209	2.268	0.192	0.271	9.664
210	2.268	0.193	0.271	9.655
211	2.267	0.192	0.156	9.655
212	2.268	0.192	0.167	9.656
213	2.268	0.192	0.198	9.655
214	2.267	0.193	0.260	9.653
215	2.267	0.193	0.229	9.649
216	2.266	0.193	0.240	9.644
217	2.266	0.193	0.177	9.642
218	2.266	0.193	0.167	9.645
219	2.266	0.193	0.156	9.644
220	2.266	0.193	0.177	9.644
221	2.266	0.193	0.198	9.641
222	2.266	0.193	0.271	9.636
223	2.265	0.193	0.302	9.631
224	2.265	0.193	0.167	9.629
225	2.265	0.193	0.219	9.627
226	2.265	0.193	0.188	9.634
227	2.265	0.194	0.250	9.631
228	2.265	0.194	0.219	9.629
229	2.265	0.194	0.188	9.630
230	2.265	0.193	0.125	9.632
231	2.265	0.193	0.198	9.631
232	2.265	0.193	0.125	9.634
233	2.265	0.193	0.240	9.631
234	2.264	0.194	0.281	9.625
235	2.264	0.194	0.208	9.623
236	2.264	0.194	0.208	9.621
237	2.264	0.194	0.198	9.620
238	2.264	0.194	0.135	9.620
239	2.263	0.194	0.260	9.616
240	2.263	0.194	0.198	9.614
241	2.263	0.194	0.219	9.614
242	2.263	0.194	0.271	9.610
243	2.263	0.194	0.177	9.607
244	2.262	0.195	0.281	9.606
245	2.262	0.195	0.260	9.604
246	2.262	0.195	0.198	9.604
247	2.262	0.195	0.188	9.604
248	2.262	0.195	0.281	9.598
249	2.262	0.195	0.125	9.601
250	2.262	0.195	0.240	9.599
251	2.262	0.195	0.177	9.601
252	2.262	0.195	0.135	9.604
253	2.262	0.195	0.281	9.599
254	2.262	0.195	0.188	9.602
255	2.262	0.195	0.167	9.602
256	2.262	0.195	0.260	9.600
257	2.262	0.195	0.156	9.602
258	2.262	0.195	0.229	9.598
259	2.261	0.196	0.281	9.594
260	2.261	0.196	0.208	9.594
261	2.261	0.195	0.125	9.596
262	2.261	0.196	0.271	9.592
263	2.261	0.196	0.208	9.594
264	2.261	0.196	0.208	9.596
265	2.261	0.196	0.208	9.594
266	2.261	0.196	0.323	9.590
267	2.260	0.197	0.260	9.587
268	2.260	0.197	0.208	9.585
269	2.260	0.197	0.229	9.584
270	2.260	0.197	0.156	9.587
271	2.260	0.197	0.271	9.583
272	2.260	0.197	0.229	9.583
273	2.260	0.197	0.188	9.585
274	2.260	0.197	0.198	9.583
275	2.259	0.197	0.250	9.578
276	2.259	0.197	0.281	9.573
277	2.259	0.197	0.177	9.575
278	2.259	0.197	0.167	9.578
279	2.259	0.197	0.240	9.578
280	2.260	0.198	0.229	9.579
281	2.259	0.198	0.198	9.577
282	2.260	0.197	0.135	9.580
283	2.260	0.197	0.177	9.582
284	2.260	0.197	0.198	9.588
285	2.260	0.197	0.250	9.584
286	2.260	0.197	0.198	9.585
287	2.260	0.198	0.250	9.584
288	2.261	0.198	0.229	9.588
289	2.260	0.198	0.167	9.588
290	2.260	0.198	0.240	9.586
291	2.260	0.198	0.167	9.587
292	2.260	0.198	0.177	9.585
293	2.261	0.197	0.146	9.588
294	2.261	0.197	0.198	9.588
295	2.260	0.197	0.198	9.587
296	2.260	0.197	0.198	9.583
297	2.260	0.197	0.229	9.582
298	2.260	0.198	0.292	9.580
299	2.260	0.198	0.198	9.581
300	2.260	0.198	0.135	9.584
301	2.260	0.198	0.229	9.584
302	2.260	0.198	0.229	9.582
303	2.260	0.198	0.260	9.579
304	2.259	0.198	0.240	9.574
305	2.259	0.198	0.229	9.575
306	2.259	0.198	0.156	9.576
307	2.259	0.198	0.146	9.575
308	2.259	0.198	0.271	9.573
309	2.259	0.198	0.188	9.572
310	2.259	0.198	0.188	9.570
311	2.258	0.198	0.281	9.567
312	2.258	0.199	0.271	9.565
313	2.258	0.199	0.260	9.562
314	2.258	0.199	0.281	9.560
315	2.257	0.199	0.208	9.559
316	2.258	0.199	0.177	9.562
317	2.258	0.199	0.177	9.562
318	2.258	0.199	0.198	9.563
319	2.258	0.199	0.229	9.560
320	2.258	0.199	0.188	9.563
321	2.258	0.199	0.260	9.565
322	2.258	0.200	0.292	9.560
323	2.258	0.199	0.115	9.564
324	2.258	0.199	0.219	9.564
325	2.258	0.199	0.219	9.561
326	2.258	0.199	0.188	9.560
327	2.257	0.200	0.271	9.556
328	2.257	0.200	0.208	9.555
329	2.257	0.200	0.229	9.554
330	2.257	0.200	0.167	9.557
331	2.257	0.200	0.198	9.557
332	2.257	0.200	0.271	9.555
333	2.257	0.200	0.292	9.551
334	2.257	0.200	0.125	9.556
335	2.257	0.200	0.250	9.556
336	2.258	0.200	0.104	9.559
337	2.257	0.200	0.177	9.556
338	2.257	0.200	0.240	9.554
339	2.257	0.200	0.177	9.556
340	2.257	0.200	0.229	9.555
341	2.257	0.200	0.281	9.553
342	2.257	0.200	0.217	9.553
1	2.117	0.292	0.292	8.302
2	2.125	0.297	0.302	8.376
3	2.135	0.285	0.260	8.459
4	2.135	0.279	0.260	8.461
5	2.180	0.244	0.104	8.849
6	2.180	0.243	0.240	8.844
7	2.186	0.246	0.260	8.895
8	2.204	0.240	0.198	9.061
9	2.225	0.229	0.146	9.252
10	2.226	0.224	0.177	9.259
11	2.233	0.221	0.188	9.332
12	2.237	0.220	0.208	9.362
13	2.232	0.221	0.240	9.322
14	2.231	0.222	0.229	9.310
15	2.222	0.226	0.281	9.229
16	2.224	0.224	0.198	9.249
17	2.226	0.226	0.260	9.260
18	2.229	0.223	0.177	9.286
19	2.217	0.230	0.354	9.184
20	2.217	0.231	0.240	9.182
21	2.209	0.236	0.344	9.111
22	2.211	0.237	0.250	9.123
23	2.214	0.236	0.229	9.150
24	2.207	0.240	0.323	9.091
25	2.203	0.241	0.271	9.053
26	2.196	0.244	0.302	8.987
27	2.192	0.243	0.240	8.954
28	2.193	0.242	0.198	8.962
29	2.195	0.242	0.240	8.976
30	2.197	0.240	0.177	9.001
31	2.202	0.238	0.188	9.043
32	2.201	0.237	0.198	9.038
33	2.203	0.235	0.167	9.052
34	2.207	0.233	0.188	9.089
35	2.207	0.232	0.188	9.084
36	2.208	0.230	0.167	9.099
37	2.205	0.232	0.312	9.068
38	2.207	0.230	0.146	9.085
39	2.209	0.229	0.198	9.102
40	2.208	0.229	0.229	9.096
41	2.209	0.229	0.208	9.103
42	2.208	0.229	0.229	9.097
43	2.206	0.229	0.240	9.080
44	2.207	0.228	0.208	9.086
45	2.209	0.227	0.156	9.104
46	2.207	0.226	0.198	9.091
47	2.209	0.226	0.208	9.102
48	2.206	0.228	0.333	9.080
49	2.207	0.229	0.250	9.091
50	2.207	0.228	0.188	9.091
51	2.204	0.229	0.302	9.063
52	2.205	0.227	0.135	9.075
53	2.208	0.226	0.156	9.094
54	2.207	0.226	0.208	9.090
55	2.208	0.226	0.260	9.100
56	2.208	0.226	0.229	9.100
57	2.207	0.227	0.240	9.089
58	2.207	0.227	0.229	9.092
59	2.209	0.226	0.198	9.106
60	2.208	0.226	0.240	9.102
61	2.206	0.227	0.260	9.083
62	2.207	0.226	0.177	9.089
63	2.207	0.226	0.208	9.089
64	2.209	0.226	0.219	9.109
65	2.209	0.226	0.229	9.109
66	2.209	0.225	0.177	9.110
67	2.209	0.225	0.208	9.107
68	2.210	0.225	0.219	9.112
69	2.209	0.226	0.292	9.103
70	2.208	0.226	0.229	9.096
71	2.210	0.225	0.208	9.111
72	2.208	0.226	0.292	9.101
73	2.209	0.225	0.156	9.104
74	2.208	0.225	0.219	9.096
75	2.208	0.224	0.125	9.099
76	2.207	0.225	0.302	9.084
77	2.207	0.226	0.260	9.092
78	2.207	0.226	0.240	9.086
79	2.205	0.226	0.260	9.066
80	2.203	0.226	0.198	9.055
81	2.202	0.226	0.250	9.045
82	2.203	0.227	0.271	9.048
83	2.203	0.226	0.208	9.050
84	2.203	0.226	0.208	9.051
85	2.203	0.227	0.260	9.053
86	2.203	0.227	0.219	9.053
87	2.202	0.228	0.333	9.043
88	2.200	0.229	0.344	9.027
89	2.201	0.229	0.208	9.033
90	2.203	0.228	0.167	9.048
91	2.203	0.228	0.198	9.050
92	2.204	0.227	0.177	9.059
93	2.203	0.227	0.229	9.056
94	2.203	0.228	0.260	9.053
95	2.203	0.227	0.208	9.049
96	2.202	0.228	0.250	9.042
97	2.201	0.228	0.240	9.035
98	2.200	0.229	0.312	9.021
99	2.201	0.228	0.146	9.035
100	2.201	0.228	0.271	9.037
101	2.202	0.228	0.229	9.041
102	2.202	0.229	0.292	9.040
103	2.200	0.229	0.260	9.029
104	2.201	0.229	0.219	9.032
105	2.201	0.229	0.208	9.033
106	2.202	0.229	0.208	9.043
107	2.200	0.230	0.333	9.026
108	2.200	0.229	0.188	9.028
109	2.200	0.229	0.250	9.025
110	2.201	0.229	0.177	9.035
111	2.201	0.229	0.219	9.032
112	2.200	0.229	0.271	9.023
113	2.199	0.230	0.302	9.015
114	2.199	0.230	0.208	9.013
115	2.198	0.230	0.271	9.010
116	2.198	0.230	0.188	9.008
117	2.198	0.230	0.229	9.010
118	2.199	0.229	0.177	9.017
119	2.200	0.229	0.198	9.021
120	2.200	0.229	0.208	9.021
121	2.200	0.228	0.156	9.023
122	2.200	0.228	0.219	9.022
123	2.200	0.228	0.167	9.024
124	2.199	0.228	0.281	9.019
125	2.198	0.229	0.292	9.004
126	2.197	0.229	0.344	8.994
127	2.195	0.230	0.333	8.978
128	2.195	0.230	0.229	8.979
129	2.195	0.230	0.219	8.980
130	2.195	0.230	0.219	8.976
131	2.194	0.230	0.250	8.971
132	2.195	0.229	0.115	8.984
133	2.197	0.229	0.167	8.994
134	2.197	0.229	0.198	9.000
135	2.197	0.229	0.219	8.998
136	2.196	0.229	0.260	8.988
137	2.195	0.229	0.281	8.979
138	2.195	0.228	0.115	8.982
139	2.196	0.228	0.146	8.991
140	2.198	0.227	0.167	9.003
141	2.197	0.227	0.219	9.002
142	2.197	0.227	0.229	9.001
143	2.197	0.227	0.250	8.997
144	2.197	0.227	0.208	9.000
145	2.196	0.228	0.302	8.991
146	2.197	0.227	0.167	8.994
147	2.196	0.228	0.260	8.987
148	2.197	0.227	0.188	8.995
149	2.196	0.228	0.260	8.992
150	2.196	0.228	0.219	8.993
151	2.197	0.227	0.208	9.002
152	2.198	0.227	0.219	9.007
153	2.199	0.227	0.177	9.015
154	2.200	0.227	0.167	9.022
155	2.200	0.226	0.167	9.023
156	2.201	0.226	0.167	9.030
157	2.200	0.226	0.250	9.026
158	2.200	0.226	0.250	9.024
159	2.201	0.226	0.135	9.037
160	2.201	0.226	0.260	9.034
161	2.201	0.226	0.260	9.033
162	2.202	0.226	0.146	9.041
163	2.202	0.225	0.208	9.041
164	2.202	0.225	0.188	9.042
165	2.202	0.225	0.229	9.044
166	2.202	0.225	0.219	9.043
167	2.201	0.226	0.302	9.037
168	2.202	0.226	0.240	9.040
169	2.201	0.226	0.271	9.037
170	2.201	0.226	0.219	9.035
171	2.201	0.226	0.198	9.038
172	2.201	0.226	0.250	9.036
173	2.201	0.226	0.219	9.038
174	2.201	0.226	0.198	9.037
175	2.201	0.226	0.312	9.031
176	2.199	0.227	0.292	9.020
177	2.200	0.226	0.094	9.023
178	2.199	0.226	0.260	9.020
179	2.199	0.226	0.240	9.013
180	2.199	0.226	0.250	9.013
181	2.198	0.226	0.229	9.011
182	2.198	0.227	0.292	9.005
183	2.199	0.226	0.177	9.012
184	2.198	0.226	0.156	9.011
185	2.198	0.226	0.281	9.009
186	2.199	0.226	0.198	9.013
187	2.199	0.226	0.177	9.016
188	2.199	0.226	0.219	9.015
189	2.199	0.226	0.188	9.016
190	2.199	0.226	0.240	9.016
191	2.199	0.226	0.188	9.015
192	2.199	0.226	0.229	9.013
193	2.199	0.225	0.167	9.016
194	2.199	0.225	0.219	9.017
195	2.198	0.226	0.302	9.011
196	2.197	0.226	0.292	9.002
197	2.196	0.226	0.323	8.992
198	2.196	0.227	0.260	8.988
199	2.195	0.227	0.292	8.979
200	2.195	0.227	0.229	8.981
201	2.196	0.226	0.104	8.987
202	2.196	0.226	0.250	8.987
203	2.195	0.227	0.250	8.983
204	2.195	0.226	0.198	8.984
205	2.195	0.226	0.229	8.982
206	2.195	0.226	0.229	8.981
207	2.195	0.227	0.260	8.977
208	2.195	0.226	0.167	8.981
209	2.194	0.227	0.281	8.973
210	2.195	0.226	0.146	8.976
211	2.194	0.226	0.219	8.972
212	2.194	0.226	0.188	8.975
213	2.195	0.226	0.188	8.979
214	2.195	0.226	0.198	8.982
215	2.194	0.226	0.292	8.973
216	2.194	0.226	0.208	8.972
217	2.194	0.226	0.250	8.970
218	2.194	0.226	0.260	8.972
219	2.194	0.226	0.271	8.968
220	2.193	0.226	0.188	8.967
221	2.193	0.226	0.260	8.967
222	2.193	0.226	0.188	8.966
223	2.194	0.226	0.135	8.972
224	2.194	0.226	0.219	8.972
225	2.194	0.226	0.344	8.968
226	2.194	0.226	0.146	8.973
227	2.194	0.226	0.312	8.970
228	2.193	0.226	0.229	8.966
229	2.193	0.227	0.281	8.961
230	2.193	0.226	0.219	8.960
231	2.193	0.227	0.260	8.962
232	2.193	0.227	0.229	8.963
233	2.193	0.227	0.250	8.961
234	2.192	0.227	0.354	8.957
235	2.193	0.227	0.188	8.960
236	2.193	0.227	0.198	8.961
237	2.193	0.227	0.292	8.960
238	2.193	0.227	0.167	8.964
239	2.193	0.227	0.219	8.966
240	2.193	0.227	0.240	8.964
241	2.193	0.227	0.188	8.965
242	2.193	0.227	0.302	8.962
243	2.194	0.227	0.219	8.968
244	2.194	0.227	0.167	8.973
245	2.194	0.227	0.312	8.969
246	2.194	0.227	0.146	8.971
247	2.193	0.227	0.312	8.966
248	2.194	0.227	0.094	8.971
249	2.194	0.227	0.229	8.969
250	2.194	0.227	0.260	8.967
251	2.194	0.227	0.188	8.968
252	2.194	0.227	0.177	8.974
253	2.194	0.226	0.208	8.975
254	2.195	0.226	0.156	8.977
255	2.195	0.226	0.135	8.982
256	2.195	0.226	0.323	8.982
257	2.196	0.226	0.125	8.988
258	2.195	0.227	0.417	8.979
259	2.195	0.226	0.198	8.978
260	2.195	0.226	0.146	8.979
261	2.195	0.226	0.146	8.982
262	2.195	0.226	0.250	8.979
263	2.195	0.226	0.229	8.982
264	2.195	0.226	0.219	8.982
265	2.195	0.226	0.312	8.976
266	2.194	0.226	0.271	8.973
267	2.194	0.226	0.240	8.972
268	2.194	0.227	0.271	8.967
269	2.194	0.226	0.188	8.968
270	2.194	0.227	0.250	8.969
271	2.193	0.227	0.260	8.964
272	2.193	0.227	0.292	8.960
273	2.193	0.227	0.250	8.958
274	2.193	0.227	0.177	8.959
275	2.193	0.227	0.219	8.962
276	2.193	0.227	0.229	8.960
277	2.193	0.227	0.281	8.961
278	2.192	0.227	0.260	8.957
279	2.192	0.227	0.208	8.957
280	2.193	0.227	0.135	8.966
281	2.193	0.227	0.271	8.964
282	2.194	0.227	0.146	8.970
283	2.194	0.227	0.260	8.968
284	2.194	0.226	0.167	8.972
285	2.194	0.226	0.229	8.972
286	2.194	0.227	0.229	8.971
287	2.194	0.226	0.208	8.972
288	2.193	0.227	0.312	8.965
289	2.193	0.227	0.198	8.963
290	2.193	0.227	0.333	8.959
291	2.192	0.227	0.281	8.957
292	2.192	0.227	0.250	8.954
293	2.192	0.227	0.271	8.955
294	2.193	0.227	0.156	8.960
295	2.193	0.227	0.271	8.959
296	2.192	0.228	0.354	8.952
297	2.191	0.228	0.302	8.946
298	2.191	0.228	0.312	8.945
299	2.191	0.228	0.146	8.947
300	2.192	0.228	0.188	8.950
301	2.191	0.228	0.312	8.945
302	2.191	0.228	0.281	8.944
303	2.191	0.228	0.250	8.940
304	2.190	0.229	0.354	8.939
305	2.191	0.229	0.156	8.942
306	2.191	0.229	0.208	8.940
307	2.190	0.228	0.146	8.940
308	2.190	0.228	0.219	8.939
309	2.191	0.228	0.177	8.941
310	2.191	0.228	0.250	8.941
311	2.191	0.228	0.240	8.941
312	2.191	0.228	0.208	8.942
313	2.191	0.228	0.208	8.941
314	2.190	0.228	0.292	8.936
315	2.190	0.228	0.292	8.935
316	2.190	0.228	0.219	8.932
317	2.189	0.228	0.240	8.930
318	2.190	0.228	0.208	8.931
319	2.190	0.228	0.240	8.931
320	2.189	0.228	0.208	8.930
321	2.189	0.229	0.292	8.929
322	2.189	0.229	0.229	8.931
323	2.189	0.229	0.281	8.926
324	2.189	0.229	0.188	8.927
325	2.189	0.229	0.229	8.926
326	2.188	0.229	0.302	8.921
327	2.189	0.229	0.312	8.922
328	2.188	0.229	0.344	8.921
329	2.189	0.229	0.229	8.924
330	2.188	0.230	0.385	8.918
331	2.188	0.230	0.260	8.917
332	2.188	0.230	0.177	8.921
333	2.188	0.230	0.333	8.915
334	2.188	0.230	0.271	8.914
335	2.188	0.230	0.260	8.917
336	2.188	0.230	0.188	8.918
337	2.188	0.230	0.219	8.921
338	2.188	0.230	0.156	8.920
339	2.189	0.230	0.219	8.922
340	2.189	0.230	0.188	8.922
341	2.189	0.230	0.208	8.925
342	2.189	0.230	0.232	8.924
test_index	loss	acc	batch_acc	perp
1	0.097	0.740	0.740	1.102
2	0.077	0.797	0.854	1.080
3	0.101	0.719	0.562	1.106
4	0.138	0.573	0.135	1.148
5	0.158	0.504	0.229	1.171
6	0.173	0.444	0.146	1.189
7	0.183	0.397	0.115	1.201
8	0.190	0.370	0.177	1.209
9	0.195	0.356	0.250	1.216
10	0.199	0.346	0.250	1.220
11	0.204	0.326	0.125	1.226
12	0.206	0.312	0.156	1.229
13	0.209	0.300	0.167	1.232
14	0.212	0.290	0.156	1.236
15	0.213	0.283	0.188	1.238
16	0.215	0.277	0.188	1.240
17	0.216	0.273	0.198	1.242
18	0.218	0.266	0.156	1.244
19	0.220	0.260	0.156	1.246
20	0.221	0.253	0.115	1.247
21	0.222	0.250	0.198	1.248
22	0.223	0.249	0.208	1.249
23	0.223	0.249	0.250	1.250
24	0.224	0.244	0.146	1.251
25	0.224	0.244	0.229	1.251
26	0.225	0.244	0.240	1.252
27	0.225	0.239	0.115	1.253
28	0.226	0.238	0.229	1.253
29	0.226	0.236	0.177	1.253
30	0.227	0.231	0.073	1.254
31	0.227	0.231	0.229	1.255
32	0.227	0.229	0.188	1.255
33	0.227	0.227	0.156	1.255
34	0.227	0.227	0.208	1.255
35	0.228	0.224	0.135	1.256
36	0.228	0.221	0.125	1.256
37	0.228	0.219	0.125	1.257
38	0.229	0.217	0.146	1.257
39	0.229	0.214	0.104	1.257
40	0.229	0.212	0.125	1.257
41	0.229	0.210	0.135	1.258
42	0.229	0.210	0.229	1.258
43	0.229	0.212	0.271	1.258
44	0.230	0.210	0.156	1.258
45	0.230	0.210	0.177	1.258
46	0.230	0.208	0.135	1.258
47	0.230	0.206	0.125	1.259
48	0.231	0.204	0.094	1.259
49	0.231	0.202	0.104	1.260
50	0.231	0.201	0.146	1.260
51	0.231	0.200	0.177	1.260
52	0.231	0.200	0.156	1.260
53	0.232	0.200	0.240	1.261
54	0.232	0.199	0.156	1.261
55	0.232	0.198	0.094	1.261
56	0.232	0.198	0.219	1.261
57	0.232	0.197	0.135	1.262
58	0.232	0.198	0.271	1.261
59	0.232	0.197	0.156	1.262
60	0.232	0.196	0.135	1.262
61	0.232	0.197	0.208	1.262
62	0.232	0.198	0.281	1.262
63	0.233	0.197	0.115	1.262
64	0.233	0.197	0.250	1.262
65	0.233	0.197	0.177	1.262
66	0.233	0.197	0.167	1.262
67	0.232	0.197	0.250	1.262
68	0.232	0.199	0.312	1.261
69	0.232	0.201	0.323	1.261
70	0.232	0.200	0.125	1.261
71	0.232	0.199	0.156	1.261
72	0.232	0.198	0.094	1.262
73	0.232	0.198	0.208	1.262
74	0.232	0.200	0.333	1.261
75	0.231	0.203	0.448	1.260
76	0.231	0.204	0.240	1.260
77	0.231	0.204	0.260	1.260
78	0.231	0.204	0.167	1.260
79	0.231	0.203	0.167	1.260
80	0.231	0.204	0.271	1.260
81	0.231	0.206	0.385	1.259
82	0.231	0.207	0.292	1.259
83	0.230	0.208	0.281	1.259
84	0.231	0.208	0.208	1.259
85	0.231	0.209	0.240	1.259
86	0.231	0.208	0.177	1.259
87	0.230	0.211	0.479	1.258
88	0.230	0.212	0.219	1.258
89	0.230	0.212	0.271	1.258
90	0.230	0.213	0.271	1.258
91	0.230	0.212	0.135	1.259
92	0.230	0.213	0.333	1.258
93	0.229	0.215	0.396	1.258
94	0.229	0.217	0.333	1.257
95	0.229	0.217	0.229	1.257
96	0.229	0.216	0.135	1.257
97	0.229	0.215	0.156	1.258
98	0.229	0.216	0.323	1.257
99	0.229	0.218	0.417	1.257
100	0.228	0.222	0.583	1.256
101	0.227	0.224	0.438	1.255
102	0.227	0.224	0.198	1.255
103	0.227	0.224	0.198	1.255
104	0.227	0.224	0.219	1.255
105	0.228	0.223	0.167	1.255
106	0.227	0.223	0.271	1.255
107	0.227	0.227	0.583	1.254
108	0.226	0.228	0.385	1.254
109	0.226	0.229	0.281	1.254
110	0.226	0.229	0.229	1.254
111	0.226	0.228	0.135	1.254
112	0.226	0.229	0.302	1.254
113	0.226	0.230	0.333	1.254
114	0.226	0.231	0.427	1.253
115	0.225	0.234	0.542	1.253
116	0.225	0.235	0.323	1.252
117	0.225	0.234	0.167	1.252
118	0.225	0.234	0.177	1.252
119	0.225	0.233	0.156	1.252
120	0.225	0.234	0.292	1.252
121	0.225	0.235	0.385	1.252
122	0.224	0.238	0.667	1.251
123	0.224	0.240	0.438	1.251
124	0.224	0.240	0.229	1.251
125	0.224	0.240	0.240	1.251
126	0.224	0.240	0.229	1.251
127	0.224	0.240	0.271	1.251
128	0.224	0.241	0.323	1.251
129	0.223	0.242	0.427	1.250
130	0.223	0.243	0.396	1.250
131	0.223	0.243	0.188	1.250
132	0.223	0.243	0.198	1.250
133	0.223	0.242	0.198	1.250
134	0.223	0.242	0.260	1.250
135	0.223	0.242	0.240	1.250
136	0.223	0.245	0.615	1.249
137	0.222	0.247	0.469	1.249
138	0.222	0.247	0.229	1.249
139	0.222	0.247	0.312	1.249
140	0.222	0.246	0.156	1.249
141	0.222	0.246	0.240	1.249
142	0.222	0.246	0.250	1.249
143	0.222	0.248	0.552	1.249
144	0.222	0.250	0.521	1.248
145	0.222	0.250	0.229	1.248
146	0.222	0.250	0.156	1.248
147	0.222	0.249	0.177	1.248
148	0.222	0.249	0.219	1.249
149	0.222	0.249	0.250	1.248
150	0.222	0.250	0.406	1.248
151	0.221	0.251	0.438	1.248
152	0.221	0.251	0.292	1.248
153	0.221	0.251	0.188	1.248
154	0.222	0.250	0.146	1.248
155	0.222	0.250	0.188	1.248
156	0.222	0.250	0.198	1.248
157	0.221	0.250	0.365	1.248
158	0.221	0.252	0.510	1.247
159	0.221	0.253	0.354	1.247
160	0.221	0.252	0.219	1.247
161	0.221	0.252	0.219	1.247
162	0.221	0.252	0.156	1.248
163	0.221	0.252	0.240	1.248
164	0.221	0.252	0.333	1.248
165	0.221	0.254	0.583	1.247
166	0.221	0.255	0.385	1.247
167	0.221	0.254	0.167	1.247
168	0.221	0.254	0.198	1.247
169	0.221	0.253	0.094	1.247
170	0.221	0.253	0.208	1.247
171	0.221	0.254	0.406	1.247
172	0.221	0.255	0.542	1.247
173	0.220	0.256	0.344	1.247
174	0.220	0.256	0.260	1.247
175	0.220	0.256	0.208	1.247
176	0.221	0.255	0.188	1.247
177	0.221	0.255	0.198	1.247
178	0.221	0.256	0.396	1.247
179	0.220	0.258	0.594	1.246
180	0.220	0.258	0.333	1.246
181	0.220	0.258	0.240	1.246
182	0.220	0.258	0.260	1.246
183	0.220	0.258	0.198	1.246
184	0.220	0.257	0.198	1.246
185	0.220	0.258	0.375	1.246
186	0.220	0.259	0.542	1.246
187	0.220	0.260	0.365	1.246
188	0.220	0.260	0.177	1.246
189	0.220	0.259	0.167	1.246
190	0.220	0.258	0.135	1.246
191	0.220	0.259	0.312	1.246
192	0.220	0.259	0.344	1.246
193	0.220	0.260	0.490	1.246
194	0.220	0.261	0.375	1.246
195	0.220	0.261	0.188	1.246
196	0.220	0.260	0.167	1.246
197	0.220	0.260	0.177	1.246
198	0.220	0.259	0.177	1.246
199	0.220	0.260	0.323	1.246
200	0.220	0.261	0.542	1.246
201	0.219	0.262	0.479	1.245
202	0.219	0.264	0.562	1.245
203	0.219	0.263	0.250	1.245
204	0.219	0.263	0.260	1.245
205	0.219	0.263	0.104	1.245
206	0.219	0.262	0.198	1.245
207	0.219	0.263	0.333	1.245
208	0.219	0.263	0.417	1.245
209	0.218	0.265	0.531	1.244
210	0.218	0.265	0.365	1.244
211	0.219	0.265	0.219	1.244
212	0.219	0.265	0.198	1.244
213	0.219	0.264	0.125	1.244
214	0.219	0.264	0.198	1.244
215	0.218	0.265	0.469	1.244
216	0.218	0.265	0.396	1.244
217	0.218	0.265	0.177	1.244
218	0.218	0.265	0.208	1.244
219	0.219	0.264	0.198	1.244
220	0.219	0.263	0.073	1.244
221	0.219	0.263	0.198	1.245
222	0.219	0.263	0.208	1.245
223	0.219	0.263	0.188	1.245
224	0.219	0.262	0.188	1.245
225	0.219	0.261	0.104	1.245
226	0.219	0.261	0.177	1.245
227	0.219	0.261	0.188	1.245
228	0.219	0.261	0.198	1.245
229	0.219	0.260	0.167	1.245
230	0.220	0.260	0.146	1.245
231	0.220	0.259	0.198	1.246
232	0.220	0.259	0.198	1.246
233	0.220	0.259	0.312	1.246
234	0.220	0.259	0.135	1.246
235	0.220	0.258	0.146	1.246
236	0.220	0.258	0.188	1.246
237	0.220	0.257	0.135	1.246
238	0.220	0.257	0.219	1.246
239	0.220	0.257	0.260	1.246
240	0.220	0.257	0.219	1.246
241	0.220	0.257	0.219	1.246
242	0.220	0.257	0.229	1.246
243	0.220	0.256	0.125	1.247
244	0.220	0.256	0.188	1.247
245	0.221	0.256	0.156	1.247
246	0.221	0.255	0.188	1.247
247	0.221	0.255	0.125	1.247
248	0.221	0.254	0.094	1.247
249	0.221	0.254	0.115	1.247
250	0.221	0.253	0.188	1.247
251	0.221	0.253	0.208	1.247
252	0.221	0.253	0.198	1.247
253	0.221	0.252	0.125	1.247
254	0.221	0.252	0.188	1.248
255	0.221	0.252	0.240	1.248
256	0.221	0.252	0.167	1.248
257	0.221	0.252	0.198	1.248
258	0.221	0.251	0.208	1.248
259	0.221	0.251	0.177	1.248
260	0.222	0.251	0.188	1.248
261	0.222	0.251	0.188	1.248
262	0.222	0.250	0.188	1.248
263	0.222	0.250	0.240	1.248
264	0.222	0.250	0.208	1.248
265	0.222	0.250	0.167	1.248
266	0.222	0.249	0.125	1.248
267	0.222	0.249	0.156	1.248
268	0.222	0.249	0.208	1.249
269	0.222	0.249	0.208	1.249
270	0.222	0.248	0.083	1.249
271	0.222	0.248	0.198	1.249
272	0.222	0.248	0.219	1.249
273	0.222	0.248	0.281	1.249
274	0.222	0.248	0.271	1.249
275	0.222	0.248	0.240	1.249
276	0.222	0.248	0.146	1.249
277	0.222	0.248	0.198	1.249
278	0.222	0.248	0.271	1.249
279	0.223	0.247	0.146	1.249
280	0.223	0.247	0.135	1.249
281	0.223	0.247	0.198	1.249
282	0.223	0.246	0.135	1.249
283	0.223	0.246	0.125	1.250
284	0.223	0.246	0.271	1.250
285	0.223	0.246	0.229	1.250
286	0.223	0.245	0.135	1.250
287	0.223	0.245	0.125	1.250
288	0.223	0.245	0.135	1.250
289	0.223	0.245	0.250	1.250
290	0.223	0.244	0.135	1.250
291	0.223	0.244	0.177	1.250
292	0.223	0.244	0.115	1.250
293	0.223	0.243	0.135	1.250
294	0.223	0.243	0.094	1.250
295	0.223	0.242	0.125	1.250
296	0.223	0.242	0.135	1.250
297	0.223	0.242	0.167	1.250
298	0.224	0.242	0.198	1.251
299	0.224	0.241	0.135	1.251
300	0.224	0.241	0.177	1.251
301	0.224	0.241	0.177	1.251
302	0.224	0.241	0.167	1.251
303	0.224	0.241	0.250	1.251
304	0.224	0.240	0.094	1.251
305	0.224	0.240	0.104	1.251
306	0.224	0.239	0.125	1.251
307	0.224	0.239	0.219	1.251
308	0.224	0.239	0.115	1.251
309	0.224	0.239	0.208	1.251
310	0.224	0.239	0.240	1.251
311	0.224	0.238	0.135	1.251
312	0.224	0.238	0.167	1.251
313	0.224	0.238	0.177	1.251
314	0.224	0.238	0.198	1.251
315	0.224	0.238	0.250	1.252
316	0.224	0.238	0.156	1.252
317	0.224	0.237	0.156	1.252
318	0.225	0.237	0.198	1.252
319	0.225	0.237	0.083	1.252
320	0.225	0.237	0.177	1.252
321	0.225	0.236	0.188	1.252
322	0.225	0.236	0.125	1.252
323	0.225	0.236	0.146	1.252
324	0.225	0.236	0.177	1.252
325	0.225	0.235	0.135	1.252
326	0.225	0.235	0.083	1.252
327	0.225	0.235	0.156	1.252
328	0.225	0.235	0.229	1.252
329	0.225	0.234	0.146	1.252
330	0.225	0.234	0.177	1.252
331	0.225	0.234	0.115	1.253
332	0.225	0.234	0.219	1.253
333	0.225	0.234	0.302	1.253
334	0.225	0.234	0.146	1.253
335	0.225	0.234	0.198	1.253
336	0.225	0.233	0.146	1.253
337	0.225	0.233	0.260	1.253
338	0.225	0.233	0.198	1.253
339	0.225	0.233	0.094	1.253
340	0.225	0.233	0.229	1.253
341	0.226	0.233	0.115	1.253
