train_index	loss	acc	batch_acc	perp
1	2.885	0.094	0.094	17.907
2	2.871	0.104	0.115	17.658
3	2.865	0.101	0.094	17.542
4	2.856	0.096	0.083	17.398
5	2.842	0.087	0.052	17.149
6	2.837	0.083	0.062	17.058
7	2.823	0.094	0.156	16.827
8	2.818	0.095	0.104	16.736
9	2.805	0.096	0.104	16.525
10	2.821	0.093	0.062	16.787
11	2.814	0.091	0.073	16.685
12	2.807	0.090	0.083	16.555
13	2.803	0.088	0.062	16.490
14	2.802	0.089	0.094	16.472
15	2.800	0.085	0.042	16.452
16	2.795	0.089	0.135	16.367
17	2.794	0.090	0.115	16.340
18	2.792	0.090	0.083	16.310
19	2.791	0.087	0.042	16.300
20	2.788	0.087	0.094	16.244
21	2.785	0.088	0.104	16.196
22	2.777	0.092	0.167	16.077
23	2.776	0.093	0.125	16.048
24	2.772	0.094	0.115	15.985
25	2.765	0.097	0.156	15.884
26	2.765	0.097	0.094	15.880
27	2.763	0.095	0.052	15.850
28	2.761	0.096	0.135	15.821
29	2.759	0.098	0.135	15.779
30	2.757	0.099	0.146	15.749
31	2.754	0.101	0.146	15.713
32	2.754	0.102	0.135	15.702
33	2.753	0.103	0.135	15.686
34	2.750	0.104	0.135	15.647
35	2.747	0.105	0.156	15.594
36	2.748	0.105	0.083	15.608
37	2.749	0.104	0.062	15.626
38	2.748	0.104	0.135	15.618
39	2.747	0.105	0.125	15.601
40	2.746	0.106	0.146	15.578
41	2.745	0.106	0.125	15.559
42	2.743	0.106	0.083	15.533
43	2.742	0.105	0.073	15.521
44	2.742	0.105	0.083	15.513
45	2.741	0.105	0.115	15.499
46	2.740	0.105	0.125	15.492
47	2.740	0.105	0.083	15.488
48	2.738	0.105	0.125	15.451
49	2.737	0.105	0.104	15.436
50	2.737	0.105	0.104	15.435
51	2.738	0.104	0.062	15.449
52	2.738	0.105	0.135	15.452
53	2.736	0.106	0.167	15.419
54	2.735	0.107	0.146	15.406
55	2.734	0.107	0.104	15.391
56	2.732	0.107	0.115	15.371
57	2.733	0.106	0.062	15.384
58	2.731	0.107	0.156	15.347
59	2.731	0.107	0.125	15.349
60	2.730	0.107	0.094	15.336
61	2.729	0.107	0.104	15.320
62	2.726	0.108	0.188	15.268
63	2.726	0.109	0.156	15.276
64	2.725	0.109	0.125	15.258
65	2.725	0.109	0.062	15.255
66	2.724	0.109	0.146	15.245
67	2.723	0.109	0.115	15.232
68	2.722	0.110	0.177	15.207
69	2.721	0.110	0.094	15.197
70	2.719	0.111	0.198	15.162
71	2.717	0.111	0.115	15.134
72	2.716	0.111	0.104	15.122
73	2.715	0.113	0.229	15.105
74	2.714	0.113	0.135	15.093
75	2.713	0.114	0.177	15.080
76	2.714	0.114	0.104	15.088
77	2.713	0.114	0.156	15.074
78	2.712	0.115	0.125	15.053
79	2.711	0.115	0.135	15.041
80	2.709	0.115	0.146	15.020
81	2.708	0.116	0.177	14.997
82	2.707	0.117	0.188	14.981
83	2.706	0.117	0.167	14.972
84	2.705	0.117	0.094	14.953
85	2.704	0.117	0.135	14.936
86	2.703	0.118	0.167	14.926
87	2.701	0.118	0.156	14.899
88	2.700	0.119	0.167	14.873
89	2.699	0.119	0.104	14.869
90	2.699	0.119	0.125	14.860
91	2.697	0.119	0.125	14.837
92	2.696	0.119	0.135	14.827
93	2.694	0.120	0.177	14.796
94	2.693	0.119	0.083	14.772
95	2.692	0.120	0.167	14.758
96	2.690	0.120	0.125	14.734
97	2.688	0.121	0.219	14.707
98	2.687	0.121	0.115	14.693
99	2.687	0.121	0.146	14.687
100	2.687	0.121	0.146	14.680
101	2.685	0.122	0.198	14.657
102	2.684	0.122	0.083	14.648
103	2.683	0.123	0.229	14.625
104	2.683	0.123	0.115	14.622
105	2.682	0.123	0.115	14.614
106	2.681	0.123	0.135	14.595
107	2.680	0.122	0.094	14.583
108	2.678	0.123	0.177	14.562
109	2.678	0.123	0.146	14.551
110	2.676	0.123	0.135	14.526
111	2.675	0.124	0.156	14.514
112	2.674	0.124	0.146	14.496
113	2.673	0.124	0.167	14.488
114	2.673	0.124	0.156	14.476
115	2.672	0.124	0.125	14.463
116	2.670	0.125	0.167	14.445
117	2.669	0.126	0.208	14.420
118	2.667	0.126	0.135	14.402
119	2.667	0.126	0.156	14.391
120	2.665	0.126	0.146	14.372
121	2.664	0.126	0.156	14.354
122	2.663	0.127	0.208	14.335
123	2.661	0.127	0.188	14.317
124	2.661	0.127	0.115	14.305
125	2.660	0.128	0.188	14.295
126	2.659	0.128	0.177	14.275
127	2.657	0.129	0.167	14.257
128	2.656	0.129	0.188	14.235
129	2.655	0.129	0.188	14.219
130	2.653	0.130	0.188	14.203
131	2.652	0.131	0.240	14.182
132	2.650	0.131	0.219	14.161
133	2.649	0.132	0.198	14.139
134	2.648	0.132	0.198	14.123
135	2.646	0.133	0.167	14.098
136	2.645	0.134	0.250	14.081
137	2.644	0.133	0.104	14.070
138	2.642	0.133	0.146	14.047
139	2.640	0.134	0.177	14.020
140	2.639	0.134	0.198	14.000
141	2.638	0.134	0.146	13.981
142	2.636	0.135	0.219	13.956
143	2.635	0.135	0.156	13.946
144	2.633	0.135	0.208	13.920
145	2.632	0.136	0.167	13.898
146	2.631	0.136	0.146	13.890
147	2.630	0.136	0.146	13.877
148	2.629	0.136	0.156	13.859
149	2.627	0.136	0.198	13.833
150	2.626	0.136	0.125	13.817
151	2.625	0.137	0.188	13.798
152	2.623	0.137	0.125	13.784
153	2.622	0.137	0.156	13.761
154	2.620	0.137	0.208	13.740
155	2.619	0.137	0.146	13.723
156	2.618	0.137	0.125	13.710
157	2.617	0.137	0.156	13.692
158	2.615	0.138	0.177	13.670
159	2.614	0.138	0.198	13.649
160	2.613	0.138	0.188	13.638
161	2.612	0.138	0.083	13.622
162	2.610	0.138	0.198	13.605
163	2.609	0.139	0.240	13.579
164	2.607	0.139	0.156	13.563
165	2.606	0.139	0.073	13.550
166	2.605	0.139	0.229	13.525
167	2.604	0.139	0.104	13.512
168	2.602	0.139	0.188	13.492
169	2.600	0.140	0.208	13.466
170	2.598	0.140	0.229	13.443
171	2.597	0.140	0.198	13.424
172	2.595	0.141	0.156	13.402
173	2.593	0.141	0.188	13.376
174	2.592	0.141	0.125	13.358
175	2.590	0.141	0.177	13.336
176	2.589	0.141	0.146	13.319
177	2.588	0.141	0.146	13.304
178	2.587	0.141	0.156	13.285
179	2.585	0.141	0.177	13.268
180	2.584	0.141	0.125	13.252
181	2.583	0.141	0.156	13.233
182	2.582	0.141	0.146	13.219
183	2.580	0.141	0.167	13.198
184	2.579	0.142	0.198	13.182
185	2.578	0.142	0.167	13.168
186	2.577	0.142	0.156	13.157
187	2.576	0.142	0.125	13.141
188	2.575	0.142	0.177	13.129
189	2.573	0.142	0.146	13.110
190	2.572	0.142	0.208	13.091
191	2.571	0.142	0.146	13.076
192	2.570	0.143	0.177	13.061
193	2.568	0.143	0.240	13.039
194	2.567	0.143	0.156	13.025
195	2.565	0.144	0.229	13.003
196	2.564	0.144	0.188	12.983
197	2.563	0.144	0.125	12.971
198	2.562	0.144	0.094	12.957
199	2.560	0.144	0.208	12.942
200	2.560	0.144	0.135	12.930
201	2.558	0.144	0.156	12.910
202	2.557	0.144	0.177	12.892
203	2.555	0.144	0.188	12.874
204	2.554	0.144	0.135	12.858
205	2.553	0.144	0.135	12.842
206	2.552	0.144	0.167	12.835
207	2.551	0.144	0.167	12.821
208	2.550	0.145	0.219	12.809
209	2.549	0.145	0.167	12.795
210	2.548	0.145	0.198	12.778
211	2.547	0.145	0.167	12.763
212	2.545	0.145	0.177	12.742
213	2.544	0.145	0.167	12.728
214	2.543	0.146	0.177	12.715
215	2.541	0.146	0.250	12.692
216	2.539	0.147	0.260	12.672
217	2.538	0.147	0.156	12.661
218	2.538	0.147	0.250	12.651
219	2.537	0.148	0.271	12.635
220	2.535	0.148	0.260	12.617
221	2.534	0.148	0.208	12.603
222	2.533	0.149	0.219	12.589
223	2.532	0.149	0.125	12.580
224	2.531	0.149	0.229	12.568
225	2.530	0.149	0.156	12.558
226	2.530	0.149	0.156	12.550
227	2.529	0.149	0.177	12.537
228	2.528	0.149	0.104	12.524
229	2.527	0.149	0.167	12.510
230	2.526	0.149	0.167	12.500
231	2.525	0.150	0.229	12.485
232	2.524	0.149	0.125	12.475
233	2.523	0.150	0.260	12.460
234	2.521	0.150	0.146	12.447
235	2.521	0.150	0.115	12.436
236	2.519	0.150	0.219	12.422
237	2.518	0.150	0.156	12.405
238	2.517	0.150	0.115	12.394
239	2.516	0.150	0.198	12.381
240	2.516	0.150	0.052	12.377
241	2.515	0.150	0.177	12.366
242	2.514	0.150	0.188	12.355
243	2.513	0.150	0.146	12.342
244	2.512	0.150	0.208	12.332
245	2.511	0.150	0.167	12.318
246	2.510	0.151	0.229	12.303
247	2.509	0.151	0.198	12.290
248	2.508	0.151	0.177	12.276
249	2.506	0.151	0.271	12.261
250	2.506	0.151	0.146	12.254
251	2.505	0.151	0.146	12.244
252	2.504	0.151	0.198	12.234
253	2.503	0.152	0.177	12.221
254	2.502	0.152	0.177	12.211
255	2.502	0.152	0.167	12.203
256	2.501	0.152	0.208	12.191
257	2.500	0.152	0.198	12.179
258	2.499	0.152	0.240	12.167
259	2.498	0.152	0.146	12.158
260	2.497	0.152	0.125	12.149
261	2.496	0.153	0.208	12.138
262	2.496	0.153	0.198	12.128
263	2.494	0.153	0.219	12.116
264	2.494	0.153	0.208	12.107
265	2.494	0.153	0.115	12.106
266	2.493	0.153	0.167	12.096
267	2.492	0.153	0.135	12.089
268	2.491	0.153	0.177	12.079
269	2.491	0.153	0.229	12.068
270	2.490	0.153	0.167	12.060
271	2.489	0.153	0.125	12.052
272	2.489	0.153	0.156	12.044
273	2.488	0.154	0.250	12.033
274	2.487	0.154	0.219	12.024
275	2.486	0.154	0.219	12.016
276	2.485	0.154	0.156	12.005
277	2.484	0.154	0.198	11.994
278	2.483	0.155	0.198	11.983
279	2.482	0.155	0.177	11.971
280	2.482	0.155	0.198	11.962
281	2.481	0.155	0.198	11.951
282	2.480	0.155	0.281	11.935
283	2.479	0.156	0.219	11.924
284	2.478	0.155	0.125	11.922
285	2.478	0.156	0.177	11.912
286	2.477	0.156	0.188	11.906
287	2.476	0.156	0.208	11.899
288	2.476	0.156	0.167	11.891
289	2.475	0.156	0.135	11.884
290	2.475	0.156	0.115	11.881
291	2.474	0.156	0.219	11.869
292	2.473	0.156	0.208	11.859
293	2.472	0.156	0.125	11.851
294	2.472	0.156	0.198	11.842
295	2.471	0.156	0.229	11.833
296	2.470	0.156	0.167	11.826
297	2.470	0.156	0.094	11.818
298	2.469	0.156	0.208	11.812
299	2.468	0.156	0.177	11.803
300	2.468	0.157	0.188	11.795
301	2.467	0.157	0.302	11.783
302	2.466	0.157	0.219	11.771
303	2.465	0.157	0.146	11.766
304	2.464	0.157	0.188	11.757
305	2.464	0.157	0.219	11.750
306	2.463	0.157	0.146	11.745
307	2.463	0.157	0.125	11.741
308	2.463	0.157	0.188	11.736
309	2.462	0.157	0.156	11.728
310	2.461	0.157	0.146	11.722
311	2.461	0.157	0.104	11.716
312	2.460	0.157	0.208	11.704
313	2.459	0.157	0.167	11.694
314	2.458	0.157	0.156	11.686
315	2.458	0.158	0.188	11.678
316	2.457	0.158	0.188	11.671
317	2.456	0.158	0.198	11.662
318	2.456	0.158	0.219	11.653
319	2.455	0.158	0.219	11.642
320	2.454	0.158	0.188	11.633
321	2.454	0.158	0.177	11.630
322	2.453	0.158	0.198	11.622
323	2.452	0.159	0.198	11.614
324	2.451	0.159	0.177	11.605
325	2.451	0.159	0.188	11.600
326	2.450	0.159	0.260	11.594
327	2.450	0.159	0.177	11.588
328	2.450	0.159	0.188	11.583
329	2.449	0.159	0.229	11.574
330	2.448	0.160	0.281	11.563
331	2.447	0.160	0.240	11.553
332	2.446	0.160	0.188	11.545
333	2.445	0.160	0.188	11.536
334	2.445	0.160	0.208	11.528
335	2.444	0.160	0.219	11.521
336	2.444	0.160	0.177	11.515
337	2.443	0.161	0.240	11.505
338	2.442	0.161	0.250	11.494
339	2.441	0.161	0.271	11.487
340	2.441	0.161	0.125	11.484
341	2.441	0.161	0.229	11.479
342	2.440	0.162	0.246	11.473
1	2.392	0.146	0.146	10.935
2	2.314	0.188	0.229	10.114
3	2.276	0.188	0.188	9.738
4	2.255	0.180	0.156	9.535
5	2.253	0.196	0.260	9.514
6	2.237	0.214	0.302	9.366
7	2.236	0.210	0.188	9.353
8	2.237	0.208	0.198	9.368
9	2.251	0.203	0.156	9.494
10	2.245	0.216	0.333	9.436
11	2.252	0.208	0.135	9.504
12	2.248	0.217	0.312	9.473
13	2.247	0.212	0.156	9.461
14	2.249	0.210	0.177	9.477
15	2.246	0.210	0.219	9.453
16	2.242	0.214	0.271	9.409
17	2.239	0.217	0.260	9.389
18	2.233	0.223	0.333	9.330
19	2.239	0.219	0.146	9.388
20	2.240	0.218	0.198	9.393
21	2.241	0.219	0.229	9.398
22	2.244	0.218	0.208	9.433
23	2.245	0.217	0.198	9.440
24	2.246	0.216	0.177	9.446
25	2.245	0.216	0.219	9.438
26	2.243	0.216	0.229	9.425
27	2.238	0.218	0.260	9.372
28	2.238	0.218	0.208	9.375
29	2.238	0.218	0.229	9.377
30	2.239	0.217	0.188	9.387
31	2.243	0.214	0.125	9.419
32	2.248	0.211	0.125	9.465
33	2.244	0.212	0.229	9.434
34	2.241	0.214	0.271	9.404
35	2.242	0.214	0.219	9.408
36	2.242	0.213	0.198	9.409
37	2.243	0.213	0.188	9.417
38	2.241	0.213	0.219	9.400
39	2.241	0.212	0.198	9.404
40	2.240	0.213	0.250	9.391
41	2.237	0.216	0.323	9.361
42	2.235	0.214	0.146	9.349
43	2.234	0.214	0.188	9.340
44	2.234	0.213	0.198	9.339
45	2.232	0.215	0.271	9.318
46	2.233	0.215	0.229	9.324
47	2.233	0.214	0.156	9.325
48	2.230	0.215	0.281	9.298
49	2.232	0.215	0.208	9.316
50	2.232	0.214	0.188	9.317
51	2.234	0.214	0.177	9.335
52	2.234	0.213	0.177	9.340
53	2.234	0.213	0.240	9.340
54	2.233	0.214	0.260	9.324
55	2.229	0.216	0.312	9.295
56	2.230	0.217	0.240	9.300
57	2.228	0.217	0.260	9.283
58	2.229	0.216	0.156	9.294
59	2.229	0.217	0.240	9.287
60	2.229	0.217	0.219	9.287
61	2.229	0.217	0.250	9.289
62	2.229	0.217	0.188	9.292
63	2.228	0.217	0.260	9.284
64	2.228	0.216	0.156	9.285
65	2.229	0.217	0.219	9.288
66	2.229	0.217	0.219	9.292
67	2.230	0.216	0.167	9.297
68	2.228	0.217	0.292	9.283
69	2.229	0.216	0.177	9.292
70	2.229	0.216	0.198	9.291
71	2.227	0.217	0.250	9.274
72	2.227	0.216	0.188	9.273
73	2.228	0.216	0.219	9.280
74	2.227	0.216	0.219	9.275
75	2.228	0.216	0.198	9.280
76	2.228	0.216	0.198	9.286
77	2.229	0.215	0.188	9.292
78	2.229	0.215	0.198	9.295
79	2.230	0.215	0.240	9.296
80	2.229	0.216	0.292	9.290
81	2.228	0.217	0.260	9.282
82	2.227	0.217	0.219	9.273
83	2.226	0.218	0.271	9.261
84	2.225	0.218	0.219	9.256
85	2.224	0.218	0.260	9.248
86	2.225	0.218	0.208	9.257
87	2.225	0.218	0.177	9.249
88	2.224	0.218	0.250	9.242
89	2.223	0.218	0.219	9.232
90	2.223	0.218	0.208	9.234
91	2.224	0.218	0.219	9.243
92	2.226	0.218	0.188	9.262
93	2.225	0.217	0.198	9.254
94	2.225	0.217	0.198	9.253
95	2.225	0.217	0.177	9.253
96	2.223	0.217	0.292	9.238
97	2.223	0.217	0.198	9.237
98	2.223	0.218	0.250	9.238
99	2.222	0.217	0.208	9.227
100	2.222	0.217	0.208	9.223
101	2.223	0.217	0.146	9.231
102	2.223	0.217	0.198	9.232
103	2.223	0.216	0.146	9.238
104	2.224	0.215	0.167	9.242
105	2.223	0.215	0.177	9.238
106	2.223	0.215	0.188	9.239
107	2.224	0.215	0.229	9.240
108	2.225	0.214	0.135	9.253
109	2.224	0.215	0.312	9.245
110	2.224	0.215	0.177	9.242
111	2.223	0.215	0.250	9.234
112	2.222	0.215	0.229	9.228
113	2.222	0.215	0.188	9.226
114	2.222	0.215	0.188	9.226
115	2.221	0.215	0.292	9.214
116	2.221	0.215	0.229	9.215
117	2.222	0.215	0.115	9.228
118	2.223	0.214	0.146	9.234
119	2.223	0.214	0.250	9.235
120	2.223	0.214	0.198	9.239
121	2.224	0.214	0.146	9.245
122	2.224	0.213	0.188	9.248
123	2.225	0.213	0.219	9.252
124	2.224	0.214	0.260	9.243
125	2.223	0.214	0.281	9.238
126	2.223	0.215	0.250	9.239
127	2.224	0.215	0.229	9.241
128	2.224	0.215	0.219	9.247
129	2.224	0.215	0.208	9.243
130	2.223	0.215	0.240	9.235
131	2.222	0.216	0.312	9.228
132	2.222	0.215	0.167	9.224
133	2.222	0.215	0.240	9.225
134	2.221	0.216	0.271	9.214
135	2.221	0.216	0.250	9.215
136	2.221	0.216	0.208	9.215
137	2.221	0.216	0.208	9.213
138	2.220	0.216	0.271	9.208
139	2.220	0.216	0.219	9.207
140	2.220	0.216	0.208	9.207
141	2.220	0.216	0.188	9.204
142	2.220	0.216	0.177	9.205
143	2.220	0.215	0.135	9.209
144	2.220	0.215	0.219	9.208
145	2.220	0.215	0.219	9.212
146	2.221	0.215	0.156	9.212
147	2.220	0.215	0.240	9.208
148	2.220	0.216	0.281	9.206
149	2.219	0.216	0.333	9.195
150	2.218	0.217	0.260	9.193
151	2.218	0.217	0.229	9.189
152	2.219	0.217	0.198	9.194
153	2.218	0.216	0.177	9.192
154	2.219	0.216	0.208	9.198
155	2.219	0.216	0.208	9.196
156	2.219	0.216	0.167	9.195
157	2.218	0.216	0.250	9.192
158	2.218	0.216	0.219	9.193
159	2.218	0.216	0.260	9.193
160	2.218	0.217	0.281	9.185
161	2.217	0.218	0.344	9.176
162	2.217	0.217	0.167	9.176
163	2.217	0.217	0.177	9.178
164	2.217	0.217	0.198	9.180
165	2.217	0.217	0.198	9.183
166	2.217	0.217	0.271	9.176
167	2.217	0.217	0.125	9.179
168	2.217	0.217	0.219	9.179
169	2.216	0.217	0.260	9.175
170	2.216	0.217	0.260	9.171
171	2.216	0.217	0.229	9.169
172	2.216	0.217	0.188	9.170
173	2.216	0.217	0.260	9.169
174	2.215	0.218	0.260	9.163
175	2.215	0.218	0.229	9.164
176	2.216	0.218	0.219	9.169
177	2.216	0.218	0.260	9.169
178	2.216	0.218	0.188	9.172
179	2.216	0.217	0.167	9.175
180	2.216	0.218	0.271	9.171
181	2.216	0.217	0.177	9.172
182	2.216	0.218	0.260	9.170
183	2.215	0.218	0.281	9.161
184	2.215	0.218	0.281	9.157
185	2.215	0.218	0.188	9.160
186	2.215	0.218	0.229	9.160
187	2.215	0.218	0.219	9.162
188	2.215	0.219	0.260	9.161
189	2.215	0.219	0.260	9.158
190	2.214	0.219	0.271	9.152
191	2.214	0.219	0.260	9.149
192	2.214	0.219	0.229	9.151
193	2.214	0.219	0.146	9.153
194	2.214	0.219	0.271	9.153
195	2.214	0.219	0.281	9.150
196	2.214	0.220	0.240	9.150
197	2.214	0.220	0.208	9.151
198	2.214	0.220	0.219	9.151
199	2.214	0.220	0.260	9.151
200	2.213	0.220	0.260	9.145
201	2.212	0.220	0.302	9.135
202	2.211	0.221	0.271	9.129
203	2.211	0.221	0.240	9.127
204	2.212	0.221	0.188	9.130
205	2.212	0.220	0.146	9.136
206	2.213	0.220	0.146	9.140
207	2.212	0.220	0.240	9.135
208	2.212	0.219	0.094	9.136
209	2.212	0.219	0.219	9.135
210	2.212	0.219	0.167	9.134
211	2.211	0.219	0.250	9.129
212	2.212	0.219	0.188	9.131
213	2.211	0.219	0.302	9.123
214	2.210	0.220	0.344	9.114
215	2.210	0.220	0.167	9.119
216	2.210	0.220	0.260	9.114
217	2.209	0.220	0.260	9.107
218	2.209	0.220	0.260	9.105
219	2.209	0.220	0.156	9.107
220	2.209	0.220	0.219	9.109
221	2.209	0.220	0.188	9.109
222	2.210	0.220	0.146	9.115
223	2.210	0.220	0.219	9.115
224	2.210	0.219	0.188	9.113
225	2.209	0.220	0.281	9.108
226	2.209	0.220	0.250	9.107
227	2.209	0.220	0.240	9.102
228	2.208	0.220	0.229	9.099
229	2.208	0.220	0.250	9.094
230	2.208	0.220	0.250	9.095
231	2.207	0.221	0.312	9.091
232	2.207	0.221	0.240	9.090
233	2.207	0.221	0.302	9.087
234	2.206	0.221	0.323	9.079
235	2.206	0.222	0.250	9.076
236	2.205	0.222	0.250	9.072
237	2.205	0.222	0.240	9.070
238	2.205	0.222	0.198	9.068
239	2.205	0.222	0.292	9.066
240	2.204	0.222	0.260	9.060
241	2.204	0.222	0.115	9.065
242	2.205	0.222	0.208	9.070
243	2.205	0.222	0.240	9.068
244	2.204	0.222	0.250	9.066
245	2.205	0.222	0.219	9.066
246	2.205	0.222	0.198	9.073
247	2.205	0.222	0.240	9.072
248	2.205	0.222	0.250	9.067
249	2.204	0.222	0.208	9.064
250	2.205	0.222	0.156	9.066
251	2.205	0.222	0.260	9.068
252	2.204	0.222	0.271	9.065
253	2.204	0.222	0.365	9.057
254	2.203	0.223	0.271	9.051
255	2.203	0.223	0.240	9.051
256	2.203	0.223	0.177	9.053
257	2.204	0.222	0.177	9.057
258	2.203	0.223	0.260	9.055
259	2.204	0.222	0.156	9.058
260	2.203	0.222	0.260	9.057
261	2.203	0.223	0.333	9.051
262	2.203	0.223	0.208	9.050
263	2.203	0.223	0.188	9.052
264	2.203	0.223	0.240	9.053
265	2.203	0.222	0.146	9.052
266	2.202	0.222	0.229	9.046
267	2.202	0.223	0.354	9.042
268	2.202	0.223	0.240	9.041
269	2.202	0.223	0.208	9.039
270	2.201	0.223	0.292	9.035
271	2.200	0.224	0.302	9.029
272	2.200	0.224	0.323	9.025
273	2.199	0.224	0.292	9.017
274	2.199	0.224	0.281	9.012
275	2.199	0.224	0.219	9.017
276	2.199	0.224	0.250	9.018
277	2.199	0.225	0.271	9.014
278	2.200	0.224	0.156	9.021
279	2.199	0.224	0.250	9.018
280	2.200	0.224	0.146	9.023
281	2.199	0.224	0.229	9.020
282	2.200	0.224	0.156	9.022
283	2.200	0.224	0.177	9.021
284	2.199	0.224	0.312	9.016
285	2.198	0.224	0.250	9.010
286	2.198	0.224	0.177	9.008
287	2.198	0.224	0.323	9.005
288	2.197	0.225	0.323	8.996
289	2.196	0.225	0.312	8.990
290	2.196	0.225	0.250	8.987
291	2.196	0.225	0.240	8.986
292	2.195	0.225	0.281	8.981
293	2.195	0.226	0.292	8.976
294	2.195	0.226	0.260	8.977
295	2.195	0.226	0.229	8.976
296	2.194	0.226	0.250	8.975
297	2.194	0.226	0.302	8.968
298	2.194	0.226	0.250	8.967
299	2.194	0.226	0.240	8.967
300	2.194	0.226	0.250	8.968
301	2.194	0.226	0.219	8.971
302	2.194	0.226	0.229	8.971
303	2.194	0.226	0.156	8.972
304	2.194	0.226	0.229	8.972
305	2.194	0.226	0.167	8.974
306	2.195	0.226	0.208	8.976
307	2.195	0.226	0.229	8.976
308	2.194	0.226	0.208	8.973
309	2.194	0.226	0.281	8.967
310	2.193	0.226	0.208	8.965
311	2.193	0.226	0.219	8.962
312	2.193	0.226	0.219	8.960
313	2.193	0.226	0.167	8.962
314	2.192	0.226	0.344	8.956
315	2.192	0.226	0.229	8.955
316	2.192	0.226	0.198	8.954
317	2.191	0.226	0.344	8.949
318	2.191	0.226	0.302	8.948
319	2.191	0.226	0.198	8.946
320	2.191	0.227	0.292	8.941
321	2.190	0.227	0.292	8.939
322	2.190	0.227	0.354	8.937
323	2.190	0.227	0.250	8.936
324	2.189	0.227	0.271	8.931
325	2.189	0.227	0.240	8.928
326	2.190	0.227	0.156	8.933
327	2.189	0.227	0.281	8.929
328	2.189	0.228	0.323	8.925
329	2.188	0.228	0.292	8.921
330	2.188	0.228	0.292	8.918
331	2.188	0.228	0.302	8.913
332	2.188	0.228	0.208	8.913
333	2.187	0.228	0.250	8.912
334	2.187	0.229	0.323	8.908
335	2.187	0.229	0.302	8.906
336	2.187	0.229	0.208	8.908
337	2.187	0.229	0.229	8.907
338	2.187	0.229	0.188	8.909
339	2.188	0.228	0.083	8.914
340	2.187	0.229	0.365	8.910
341	2.186	0.229	0.406	8.902
342	2.187	0.229	0.174	8.904
1	2.050	0.281	0.281	7.768
2	2.062	0.276	0.271	7.859
3	2.109	0.243	0.177	8.239
4	2.109	0.255	0.292	8.241
5	2.124	0.244	0.198	8.361
6	2.089	0.262	0.354	8.080
7	2.102	0.257	0.229	8.183
8	2.096	0.251	0.208	8.134
9	2.073	0.263	0.354	7.950
10	2.088	0.260	0.240	8.068
11	2.084	0.259	0.240	8.034
12	2.068	0.266	0.354	7.910
13	2.062	0.271	0.323	7.863
14	2.079	0.263	0.167	7.993
15	2.084	0.259	0.198	8.039
16	2.088	0.260	0.271	8.071
17	2.081	0.262	0.302	8.015
18	2.080	0.267	0.344	8.007
19	2.085	0.266	0.260	8.041
20	2.076	0.271	0.365	7.972
21	2.075	0.270	0.250	7.965
22	2.079	0.266	0.177	7.997
23	2.075	0.269	0.323	7.966
24	2.070	0.270	0.292	7.928
25	2.072	0.272	0.333	7.940
26	2.074	0.270	0.229	7.957
27	2.073	0.271	0.292	7.951
28	2.077	0.270	0.229	7.980
29	2.087	0.267	0.188	8.062
30	2.085	0.268	0.312	8.048
31	2.084	0.268	0.271	8.038
32	2.087	0.266	0.198	8.064
33	2.084	0.267	0.292	8.038
34	2.082	0.268	0.302	8.019
35	2.088	0.268	0.260	8.066
36	2.087	0.269	0.292	8.057
37	2.088	0.269	0.281	8.065
38	2.086	0.269	0.271	8.049
39	2.086	0.269	0.292	8.050
40	2.088	0.269	0.240	8.068
41	2.092	0.267	0.177	8.097
42	2.095	0.265	0.198	8.122
43	2.093	0.265	0.250	8.113
44	2.095	0.265	0.302	8.123
45	2.095	0.265	0.260	8.122
46	2.092	0.266	0.281	8.101
47	2.093	0.264	0.198	8.109
48	2.091	0.265	0.281	8.097
49	2.092	0.265	0.292	8.101
50	2.091	0.265	0.260	8.091
51	2.091	0.265	0.260	8.093
52	2.090	0.265	0.292	8.085
53	2.090	0.266	0.271	8.088
54	2.093	0.265	0.250	8.107
55	2.093	0.265	0.271	8.109
56	2.092	0.266	0.312	8.098
57	2.091	0.266	0.271	8.093
58	2.091	0.266	0.229	8.094
59	2.092	0.266	0.271	8.101
60	2.092	0.265	0.250	8.101
61	2.092	0.265	0.229	8.101
62	2.090	0.266	0.323	8.086
63	2.090	0.265	0.219	8.086
64	2.093	0.264	0.177	8.110
65	2.092	0.264	0.312	8.100
66	2.090	0.266	0.385	8.087
67	2.090	0.266	0.229	8.084
68	2.091	0.265	0.208	8.093
69	2.094	0.263	0.167	8.118
70	2.093	0.263	0.250	8.111
71	2.092	0.264	0.292	8.105
72	2.094	0.262	0.156	8.115
73	2.093	0.262	0.271	8.107
74	2.093	0.262	0.260	8.107
75	2.092	0.263	0.333	8.100
76	2.093	0.262	0.208	8.113
77	2.094	0.262	0.198	8.118
78	2.096	0.262	0.281	8.132
79	2.097	0.261	0.219	8.141
80	2.097	0.262	0.281	8.143
81	2.096	0.262	0.323	8.130
82	2.095	0.263	0.281	8.122
83	2.095	0.263	0.312	8.125
84	2.096	0.263	0.240	8.135
85	2.097	0.263	0.250	8.138
86	2.096	0.263	0.323	8.130
87	2.095	0.264	0.292	8.126
88	2.095	0.263	0.229	8.126
89	2.095	0.263	0.208	8.129
90	2.093	0.264	0.375	8.113
91	2.094	0.264	0.229	8.113
92	2.092	0.264	0.292	8.105
93	2.093	0.264	0.271	8.107
94	2.093	0.263	0.208	8.111
95	2.093	0.264	0.302	8.111
96	2.093	0.264	0.302	8.109
97	2.094	0.264	0.219	8.114
98	2.092	0.264	0.250	8.098
99	2.089	0.265	0.365	8.081
100	2.089	0.265	0.281	8.080
101	2.086	0.266	0.385	8.050
102	2.086	0.266	0.240	8.051
103	2.086	0.266	0.312	8.054
104	2.086	0.266	0.281	8.053
105	2.083	0.268	0.406	8.033
106	2.082	0.268	0.323	8.024
107	2.084	0.267	0.156	8.036
108	2.085	0.267	0.240	8.043
109	2.085	0.267	0.250	8.044
110	2.086	0.266	0.219	8.052
111	2.085	0.266	0.281	8.048
112	2.084	0.267	0.344	8.033
113	2.083	0.267	0.292	8.031
114	2.084	0.267	0.260	8.033
115	2.084	0.267	0.271	8.037
116	2.084	0.267	0.281	8.038
117	2.085	0.267	0.188	8.043
118	2.086	0.267	0.240	8.053
119	2.085	0.267	0.333	8.043
120	2.084	0.267	0.292	8.039
121	2.083	0.268	0.323	8.029
122	2.085	0.267	0.188	8.041
123	2.084	0.268	0.354	8.038
124	2.084	0.268	0.344	8.035
125	2.084	0.269	0.302	8.037
126	2.083	0.269	0.333	8.027
127	2.080	0.271	0.438	8.004
128	2.081	0.270	0.240	8.009
129	2.080	0.271	0.302	8.007
130	2.081	0.271	0.281	8.010
131	2.080	0.271	0.260	8.001
132	2.080	0.270	0.260	8.002
133	2.078	0.271	0.302	7.991
134	2.078	0.271	0.292	7.992
135	2.079	0.270	0.198	7.997
136	2.080	0.270	0.219	8.004
137	2.080	0.270	0.271	8.003
138	2.079	0.270	0.344	7.994
139	2.077	0.271	0.365	7.984
140	2.078	0.271	0.198	7.987
141	2.077	0.271	0.333	7.978
142	2.077	0.271	0.271	7.981
143	2.078	0.271	0.198	7.986
144	2.077	0.271	0.344	7.982
145	2.077	0.271	0.208	7.982
146	2.077	0.271	0.271	7.984
147	2.077	0.271	0.365	7.981
148	2.077	0.272	0.312	7.981
149	2.078	0.271	0.188	7.986
150	2.078	0.270	0.177	7.986
151	2.076	0.271	0.396	7.972
152	2.075	0.272	0.323	7.965
153	2.076	0.271	0.156	7.974
154	2.076	0.270	0.229	7.975
155	2.077	0.271	0.302	7.980
156	2.076	0.272	0.448	7.974
157	2.077	0.272	0.250	7.978
158	2.077	0.272	0.281	7.981
159	2.077	0.272	0.333	7.979
160	2.076	0.272	0.271	7.975
161	2.077	0.272	0.302	7.981
162	2.077	0.272	0.281	7.983
163	2.076	0.273	0.365	7.974
164	2.076	0.273	0.260	7.975
165	2.076	0.273	0.240	7.976
166	2.077	0.272	0.198	7.980
167	2.078	0.272	0.271	7.990
168	2.078	0.272	0.240	7.991
169	2.077	0.272	0.344	7.984
170	2.075	0.273	0.406	7.968
171	2.074	0.274	0.427	7.957
172	2.075	0.274	0.188	7.962
173	2.075	0.274	0.281	7.965
174	2.075	0.274	0.281	7.962
175	2.075	0.273	0.188	7.967
176	2.074	0.274	0.344	7.959
177	2.074	0.274	0.333	7.957
178	2.075	0.274	0.260	7.962
179	2.074	0.274	0.281	7.959
180	2.075	0.274	0.271	7.961
181	2.074	0.274	0.260	7.958
182	2.074	0.274	0.260	7.959
183	2.074	0.274	0.271	7.960
184	2.073	0.275	0.427	7.949
185	2.073	0.274	0.219	7.947
186	2.074	0.274	0.219	7.953
187	2.074	0.274	0.333	7.953
188	2.073	0.275	0.344	7.950
189	2.072	0.275	0.417	7.938
190	2.072	0.275	0.229	7.942
191	2.071	0.276	0.375	7.931
192	2.072	0.275	0.208	7.937
193	2.072	0.275	0.302	7.937
194	2.072	0.275	0.271	7.939
195	2.071	0.276	0.312	7.934
196	2.072	0.276	0.260	7.941
197	2.073	0.275	0.198	7.946
198	2.072	0.275	0.312	7.943
199	2.073	0.275	0.240	7.947
200	2.074	0.275	0.198	7.953
201	2.074	0.275	0.271	7.956
202	2.075	0.274	0.219	7.961
203	2.075	0.274	0.250	7.965
204	2.076	0.274	0.219	7.969
205	2.075	0.274	0.312	7.964
206	2.075	0.274	0.250	7.961
207	2.074	0.274	0.271	7.957
208	2.074	0.274	0.240	7.956
209	2.074	0.274	0.323	7.956
210	2.075	0.274	0.156	7.961
211	2.074	0.274	0.281	7.957
212	2.075	0.273	0.219	7.965
213	2.075	0.274	0.302	7.961
214	2.074	0.274	0.292	7.959
215	2.075	0.274	0.281	7.962
216	2.075	0.274	0.271	7.963
217	2.075	0.274	0.260	7.962
218	2.075	0.273	0.219	7.961
219	2.074	0.274	0.333	7.958
220	2.074	0.274	0.292	7.955
221	2.074	0.273	0.167	7.958
222	2.074	0.273	0.260	7.958
223	2.074	0.273	0.302	7.957
224	2.074	0.273	0.240	7.958
225	2.075	0.273	0.292	7.961
226	2.075	0.273	0.229	7.964
227	2.075	0.273	0.250	7.966
228	2.076	0.273	0.198	7.973
229	2.077	0.272	0.125	7.980
230	2.077	0.272	0.323	7.979
231	2.077	0.272	0.240	7.981
232	2.076	0.273	0.417	7.972
233	2.076	0.273	0.365	7.969
234	2.075	0.273	0.312	7.967
235	2.076	0.273	0.229	7.973
236	2.076	0.273	0.271	7.976
237	2.077	0.273	0.167	7.982
238	2.078	0.272	0.240	7.989
239	2.077	0.273	0.323	7.984
240	2.078	0.273	0.250	7.985
241	2.078	0.272	0.188	7.989
242	2.078	0.272	0.302	7.989
243	2.077	0.273	0.333	7.981
244	2.077	0.273	0.365	7.977
245	2.076	0.274	0.406	7.969
246	2.076	0.273	0.250	7.969
247	2.076	0.273	0.229	7.972
248	2.075	0.273	0.333	7.968
249	2.075	0.274	0.406	7.961
250	2.074	0.275	0.417	7.953
251	2.074	0.274	0.229	7.956
252	2.074	0.274	0.260	7.956
253	2.074	0.274	0.167	7.959
254	2.075	0.274	0.281	7.964
255	2.075	0.274	0.271	7.962
256	2.075	0.274	0.260	7.963
257	2.075	0.274	0.240	7.961
258	2.076	0.273	0.188	7.969
259	2.076	0.273	0.292	7.970
260	2.076	0.274	0.281	7.973
261	2.076	0.274	0.281	7.975
262	2.076	0.274	0.323	7.972
263	2.075	0.274	0.271	7.968
264	2.075	0.274	0.229	7.966
265	2.075	0.273	0.250	7.965
266	2.074	0.274	0.396	7.955
267	2.074	0.274	0.292	7.955
268	2.074	0.274	0.271	7.955
269	2.074	0.274	0.333	7.954
270	2.074	0.274	0.302	7.954
271	2.073	0.275	0.375	7.949
272	2.073	0.275	0.323	7.946
273	2.072	0.275	0.323	7.940
274	2.073	0.275	0.188	7.945
275	2.073	0.274	0.188	7.948
276	2.073	0.274	0.250	7.951
277	2.074	0.274	0.271	7.953
278	2.074	0.274	0.323	7.953
279	2.073	0.275	0.333	7.949
280	2.073	0.275	0.271	7.952
281	2.074	0.275	0.229	7.954
282	2.073	0.275	0.458	7.945
283	2.072	0.275	0.292	7.942
284	2.072	0.275	0.344	7.939
285	2.072	0.275	0.229	7.942
286	2.072	0.275	0.312	7.940
287	2.071	0.276	0.427	7.935
288	2.071	0.276	0.292	7.933
289	2.071	0.276	0.333	7.930
290	2.071	0.276	0.302	7.930
291	2.070	0.276	0.229	7.926
292	2.070	0.276	0.344	7.924
293	2.069	0.277	0.344	7.919
294	2.069	0.277	0.292	7.916
295	2.068	0.277	0.312	7.910
296	2.068	0.277	0.333	7.910
297	2.068	0.277	0.250	7.911
298	2.067	0.277	0.312	7.904
299	2.067	0.277	0.302	7.902
300	2.066	0.278	0.458	7.892
301	2.066	0.278	0.260	7.890
302	2.066	0.278	0.260	7.890
303	2.066	0.277	0.240	7.891
304	2.065	0.278	0.344	7.885
305	2.065	0.278	0.333	7.885
306	2.064	0.278	0.375	7.879
307	2.064	0.279	0.448	7.874
308	2.064	0.279	0.302	7.875
309	2.064	0.279	0.229	7.874
310	2.063	0.279	0.271	7.873
311	2.063	0.279	0.250	7.873
312	2.064	0.278	0.177	7.874
313	2.064	0.278	0.188	7.876
314	2.064	0.278	0.250	7.878
315	2.064	0.278	0.250	7.879
316	2.064	0.278	0.302	7.877
317	2.064	0.278	0.375	7.874
318	2.064	0.278	0.271	7.874
319	2.063	0.278	0.281	7.872
320	2.063	0.278	0.229	7.873
321	2.063	0.278	0.375	7.871
322	2.062	0.279	0.427	7.864
323	2.062	0.279	0.292	7.860
324	2.062	0.279	0.240	7.861
325	2.061	0.279	0.312	7.858
326	2.062	0.279	0.260	7.858
327	2.061	0.279	0.427	7.853
328	2.062	0.279	0.229	7.858
329	2.061	0.279	0.365	7.855
330	2.061	0.279	0.250	7.855
331	2.060	0.279	0.333	7.850
332	2.060	0.279	0.281	7.848
333	2.060	0.279	0.281	7.847
334	2.060	0.279	0.333	7.845
335	2.060	0.279	0.250	7.845
336	2.060	0.279	0.240	7.847
337	2.060	0.279	0.323	7.844
338	2.060	0.280	0.375	7.842
339	2.059	0.280	0.323	7.840
340	2.059	0.280	0.271	7.840
341	2.060	0.280	0.208	7.847
342	2.060	0.279	0.217	7.849
test_index	loss	acc	batch_acc	perp
1	0.013	0.990	0.990	1.013
2	0.009	0.995	1.000	1.009
3	0.044	0.878	0.646	1.045
4	0.090	0.721	0.250	1.094
5	0.118	0.612	0.177	1.125
6	0.137	0.554	0.260	1.147
7	0.150	0.507	0.229	1.162
8	0.160	0.469	0.198	1.173
9	0.169	0.435	0.167	1.184
10	0.174	0.421	0.292	1.190
11	0.179	0.405	0.250	1.196
12	0.184	0.385	0.167	1.201
13	0.187	0.370	0.188	1.206
14	0.190	0.357	0.188	1.210
15	0.193	0.345	0.177	1.213
16	0.194	0.344	0.333	1.214
17	0.196	0.336	0.208	1.217
18	0.197	0.336	0.333	1.218
19	0.198	0.333	0.281	1.219
20	0.199	0.331	0.281	1.221
21	0.201	0.323	0.177	1.223
22	0.202	0.321	0.271	1.224
23	0.203	0.315	0.177	1.225
24	0.204	0.311	0.229	1.226
25	0.205	0.307	0.198	1.228
26	0.206	0.306	0.302	1.228
27	0.207	0.303	0.219	1.230
28	0.208	0.299	0.177	1.231
29	0.209	0.297	0.250	1.232
30	0.209	0.295	0.229	1.233
31	0.210	0.293	0.250	1.233
32	0.211	0.290	0.177	1.234
33	0.211	0.288	0.219	1.235
34	0.212	0.285	0.208	1.236
35	0.212	0.282	0.177	1.236
36	0.212	0.282	0.281	1.237
37	0.213	0.283	0.302	1.237
38	0.213	0.280	0.188	1.238
39	0.214	0.278	0.208	1.239
40	0.214	0.278	0.260	1.239
41	0.214	0.277	0.260	1.239
42	0.215	0.275	0.177	1.240
43	0.215	0.274	0.219	1.240
44	0.215	0.272	0.219	1.240
45	0.216	0.269	0.125	1.241
46	0.216	0.270	0.292	1.241
47	0.216	0.268	0.208	1.241
48	0.216	0.268	0.240	1.242
49	0.217	0.267	0.250	1.242
50	0.217	0.266	0.188	1.242
51	0.217	0.265	0.198	1.243
52	0.218	0.263	0.188	1.243
53	0.218	0.262	0.198	1.243
54	0.218	0.263	0.312	1.244
55	0.218	0.261	0.167	1.244
56	0.218	0.262	0.323	1.244
57	0.218	0.263	0.292	1.244
58	0.218	0.262	0.240	1.244
59	0.219	0.260	0.135	1.244
60	0.219	0.261	0.302	1.244
61	0.219	0.258	0.115	1.245
62	0.219	0.258	0.219	1.245
63	0.219	0.257	0.198	1.245
64	0.219	0.257	0.292	1.245
65	0.219	0.258	0.281	1.245
66	0.219	0.257	0.229	1.245
67	0.219	0.260	0.427	1.245
68	0.218	0.264	0.552	1.243
69	0.217	0.269	0.573	1.242
70	0.217	0.269	0.312	1.242
71	0.217	0.270	0.333	1.242
72	0.217	0.269	0.156	1.242
73	0.216	0.270	0.365	1.242
74	0.216	0.273	0.479	1.241
75	0.214	0.277	0.625	1.239
76	0.214	0.279	0.365	1.239
77	0.214	0.278	0.219	1.239
78	0.215	0.277	0.250	1.239
79	0.215	0.278	0.333	1.239
80	0.214	0.279	0.312	1.239
81	0.213	0.284	0.750	1.237
82	0.213	0.286	0.438	1.237
83	0.213	0.285	0.177	1.237
84	0.213	0.284	0.198	1.237
85	0.213	0.283	0.208	1.238
86	0.213	0.284	0.365	1.237
87	0.212	0.289	0.698	1.236
88	0.212	0.289	0.312	1.236
89	0.212	0.288	0.188	1.236
90	0.212	0.287	0.198	1.237
91	0.212	0.286	0.240	1.237
92	0.212	0.287	0.354	1.236
93	0.211	0.291	0.656	1.235
94	0.211	0.293	0.458	1.235
95	0.211	0.293	0.281	1.235
96	0.211	0.293	0.281	1.235
97	0.211	0.292	0.229	1.235
98	0.211	0.293	0.354	1.235
99	0.210	0.295	0.510	1.234
100	0.209	0.300	0.823	1.233
101	0.208	0.303	0.635	1.231
102	0.208	0.303	0.281	1.231
103	0.208	0.302	0.229	1.232
104	0.209	0.301	0.167	1.232
105	0.209	0.300	0.188	1.232
106	0.209	0.301	0.406	1.232
107	0.208	0.305	0.708	1.231
108	0.207	0.309	0.781	1.230
109	0.206	0.310	0.365	1.229
110	0.207	0.309	0.250	1.229
111	0.207	0.308	0.229	1.230
112	0.207	0.307	0.198	1.230
113	0.207	0.308	0.323	1.230
114	0.206	0.311	0.698	1.229
115	0.205	0.315	0.750	1.227
116	0.205	0.316	0.396	1.227
117	0.205	0.316	0.333	1.227
118	0.205	0.315	0.240	1.228
119	0.205	0.314	0.188	1.228
120	0.205	0.314	0.323	1.228
121	0.205	0.316	0.573	1.227
122	0.204	0.320	0.740	1.226
123	0.203	0.321	0.510	1.225
124	0.203	0.321	0.292	1.225
125	0.204	0.320	0.198	1.226
126	0.204	0.319	0.240	1.226
127	0.204	0.319	0.281	1.226
128	0.204	0.320	0.385	1.226
129	0.203	0.324	0.875	1.225
130	0.202	0.327	0.719	1.224
131	0.202	0.327	0.396	1.223
132	0.202	0.327	0.250	1.224
133	0.202	0.327	0.281	1.224
134	0.202	0.325	0.188	1.224
135	0.202	0.326	0.406	1.224
136	0.201	0.330	0.792	1.223
137	0.200	0.333	0.781	1.222
138	0.200	0.333	0.302	1.222
139	0.200	0.333	0.375	1.222
140	0.201	0.333	0.281	1.222
141	0.200	0.333	0.365	1.222
142	0.200	0.334	0.573	1.222
143	0.199	0.339	0.948	1.220
144	0.198	0.341	0.698	1.219
145	0.198	0.341	0.312	1.219
146	0.198	0.341	0.375	1.220
147	0.199	0.341	0.312	1.220
148	0.199	0.341	0.354	1.220
149	0.198	0.342	0.542	1.219
150	0.197	0.346	0.812	1.218
151	0.197	0.349	0.844	1.217
152	0.196	0.350	0.583	1.217
153	0.196	0.350	0.323	1.217
154	0.197	0.349	0.167	1.217
155	0.197	0.349	0.302	1.217
156	0.197	0.350	0.479	1.217
157	0.196	0.351	0.490	1.217
158	0.196	0.354	0.875	1.216
159	0.195	0.355	0.542	1.216
160	0.195	0.355	0.354	1.216
161	0.196	0.354	0.188	1.216
162	0.196	0.354	0.302	1.216
163	0.196	0.354	0.427	1.216
164	0.195	0.355	0.542	1.216
165	0.195	0.358	0.802	1.215
166	0.194	0.360	0.677	1.214
167	0.194	0.359	0.188	1.215
168	0.195	0.358	0.281	1.215
169	0.195	0.357	0.146	1.215
170	0.195	0.357	0.375	1.215
171	0.195	0.358	0.469	1.215
172	0.194	0.361	0.812	1.214
173	0.194	0.362	0.573	1.214
174	0.194	0.361	0.198	1.214
175	0.194	0.360	0.271	1.214
176	0.194	0.360	0.302	1.214
177	0.194	0.359	0.208	1.215
178	0.194	0.359	0.417	1.214
179	0.194	0.362	0.792	1.214
180	0.193	0.363	0.635	1.213
181	0.193	0.363	0.375	1.213
182	0.193	0.364	0.396	1.213
183	0.193	0.363	0.260	1.213
184	0.193	0.363	0.396	1.213
185	0.193	0.365	0.750	1.213
186	0.192	0.368	0.865	1.212
187	0.192	0.370	0.667	1.211
188	0.192	0.370	0.385	1.211
189	0.192	0.370	0.375	1.212
190	0.192	0.369	0.271	1.212
191	0.192	0.369	0.375	1.212
192	0.192	0.371	0.740	1.211
193	0.191	0.374	0.854	1.210
194	0.191	0.375	0.688	1.210
195	0.191	0.375	0.375	1.210
196	0.191	0.374	0.198	1.210
197	0.191	0.373	0.156	1.210
198	0.191	0.374	0.427	1.210
199	0.191	0.374	0.479	1.210
200	0.190	0.376	0.781	1.210
201	0.190	0.379	0.927	1.209
202	0.189	0.381	0.823	1.208
203	0.189	0.381	0.448	1.208
204	0.189	0.381	0.344	1.208
205	0.189	0.380	0.198	1.208
206	0.189	0.380	0.260	1.209
207	0.189	0.379	0.260	1.209
208	0.189	0.381	0.698	1.208
209	0.189	0.382	0.750	1.208
210	0.189	0.382	0.281	1.208
211	0.189	0.381	0.188	1.208
212	0.189	0.380	0.260	1.208
213	0.189	0.381	0.396	1.208
214	0.189	0.380	0.281	1.208
215	0.189	0.381	0.604	1.208
216	0.188	0.382	0.635	1.207
217	0.189	0.381	0.208	1.207
218	0.189	0.381	0.260	1.208
219	0.189	0.380	0.188	1.208
220	0.189	0.379	0.146	1.208
221	0.189	0.378	0.156	1.208
222	0.189	0.377	0.177	1.209
223	0.190	0.376	0.240	1.209
224	0.190	0.376	0.271	1.209
225	0.190	0.375	0.250	1.209
226	0.190	0.374	0.167	1.209
227	0.190	0.374	0.156	1.210
228	0.190	0.373	0.260	1.210
229	0.191	0.372	0.198	1.210
230	0.191	0.372	0.198	1.210
231	0.191	0.371	0.208	1.210
232	0.191	0.371	0.323	1.211
233	0.191	0.370	0.219	1.211
234	0.191	0.370	0.323	1.211
235	0.192	0.369	0.208	1.211
236	0.192	0.369	0.260	1.211
237	0.192	0.368	0.208	1.211
238	0.192	0.367	0.240	1.212
239	0.192	0.367	0.177	1.212
240	0.192	0.366	0.198	1.212
241	0.192	0.365	0.208	1.212
242	0.193	0.365	0.250	1.212
243	0.193	0.364	0.177	1.213
244	0.193	0.364	0.302	1.213
245	0.193	0.363	0.208	1.213
246	0.193	0.362	0.167	1.213
247	0.193	0.362	0.167	1.213
248	0.193	0.361	0.188	1.213
249	0.194	0.360	0.156	1.214
250	0.194	0.360	0.271	1.214
251	0.194	0.359	0.208	1.214
252	0.194	0.358	0.188	1.214
253	0.194	0.358	0.302	1.214
254	0.194	0.358	0.292	1.214
255	0.194	0.357	0.208	1.215
256	0.194	0.357	0.188	1.215
257	0.195	0.356	0.219	1.215
258	0.195	0.355	0.167	1.215
259	0.195	0.355	0.260	1.215
260	0.195	0.355	0.292	1.215
261	0.195	0.354	0.198	1.215
262	0.195	0.353	0.177	1.216
263	0.195	0.353	0.240	1.216
264	0.196	0.353	0.240	1.216
265	0.196	0.352	0.229	1.216
266	0.196	0.352	0.281	1.216
267	0.196	0.351	0.240	1.216
268	0.196	0.351	0.271	1.216
269	0.196	0.351	0.188	1.217
270	0.196	0.350	0.198	1.217
271	0.196	0.350	0.260	1.217
272	0.196	0.349	0.250	1.217
273	0.196	0.351	0.708	1.217
274	0.196	0.352	0.750	1.216
275	0.196	0.352	0.344	1.217
276	0.196	0.351	0.177	1.217
277	0.196	0.351	0.208	1.217
278	0.196	0.350	0.229	1.217
279	0.196	0.350	0.198	1.217
280	0.197	0.350	0.260	1.217
281	0.197	0.349	0.229	1.217
282	0.197	0.348	0.135	1.218
283	0.197	0.348	0.271	1.218
284	0.197	0.348	0.229	1.218
285	0.197	0.348	0.323	1.218
286	0.197	0.347	0.281	1.218
287	0.197	0.347	0.271	1.218
288	0.197	0.347	0.219	1.218
289	0.198	0.346	0.240	1.218
290	0.198	0.346	0.188	1.219
291	0.198	0.345	0.198	1.219
292	0.198	0.345	0.177	1.219
293	0.198	0.344	0.135	1.219
294	0.198	0.343	0.167	1.219
295	0.198	0.343	0.198	1.219
296	0.198	0.342	0.198	1.219
297	0.198	0.342	0.229	1.219
298	0.199	0.341	0.188	1.220
299	0.199	0.341	0.156	1.220
300	0.199	0.340	0.198	1.220
301	0.199	0.340	0.167	1.220
302	0.199	0.339	0.135	1.220
303	0.199	0.339	0.260	1.220
304	0.199	0.338	0.208	1.220
305	0.199	0.338	0.167	1.220
306	0.199	0.337	0.208	1.221
307	0.199	0.337	0.229	1.221
308	0.200	0.336	0.135	1.221
309	0.200	0.336	0.219	1.221
310	0.200	0.336	0.271	1.221
311	0.200	0.335	0.229	1.221
312	0.200	0.335	0.198	1.221
313	0.200	0.334	0.135	1.221
314	0.200	0.334	0.198	1.222
315	0.200	0.334	0.302	1.222
316	0.200	0.333	0.219	1.222
317	0.200	0.333	0.198	1.222
318	0.200	0.333	0.229	1.222
319	0.201	0.332	0.188	1.222
320	0.201	0.332	0.188	1.222
321	0.201	0.331	0.188	1.222
322	0.201	0.331	0.229	1.223
323	0.201	0.331	0.292	1.223
324	0.201	0.331	0.312	1.223
325	0.201	0.331	0.229	1.223
326	0.201	0.331	0.365	1.223
327	0.201	0.330	0.229	1.223
328	0.201	0.330	0.219	1.223
329	0.201	0.330	0.271	1.223
330	0.201	0.329	0.208	1.223
331	0.202	0.329	0.208	1.223
332	0.202	0.329	0.188	1.223
333	0.202	0.328	0.177	1.224
334	0.202	0.328	0.281	1.224
335	0.202	0.328	0.302	1.224
336	0.202	0.328	0.250	1.224
337	0.202	0.327	0.208	1.224
338	0.202	0.327	0.219	1.224
339	0.202	0.327	0.240	1.224
340	0.202	0.327	0.229	1.224
341	0.202	0.326	0.250	1.224
