train_index	loss	acc	batch_acc	perp
1	2.891	0.042	0.042	18.006
2	2.884	0.094	0.146	17.880
3	2.871	0.104	0.125	17.663
4	2.861	0.104	0.104	17.487
5	2.851	0.108	0.125	17.298
6	2.834	0.106	0.094	17.006
7	2.842	0.097	0.042	17.151
8	2.831	0.094	0.073	16.963
9	2.828	0.090	0.062	16.909
10	2.823	0.087	0.062	16.826
11	2.817	0.084	0.052	16.726
12	2.811	0.087	0.115	16.625
13	2.803	0.089	0.115	16.500
14	2.804	0.089	0.083	16.516
15	2.796	0.092	0.135	16.383
16	2.795	0.090	0.073	16.370
17	2.790	0.090	0.083	16.285
18	2.787	0.091	0.115	16.240
19	2.783	0.092	0.094	16.175
20	2.780	0.093	0.125	16.115
21	2.777	0.093	0.094	16.068
22	2.776	0.093	0.083	16.050
23	2.774	0.095	0.146	16.027
24	2.774	0.096	0.125	16.019
25	2.775	0.095	0.062	16.043
26	2.776	0.094	0.073	16.050
27	2.774	0.094	0.094	16.015
28	2.771	0.094	0.104	15.972
29	2.770	0.094	0.094	15.964
30	2.771	0.094	0.073	15.972
31	2.769	0.094	0.104	15.946
32	2.769	0.094	0.094	15.938
33	2.770	0.093	0.062	15.956
34	2.770	0.093	0.083	15.956
35	2.767	0.096	0.188	15.914
36	2.764	0.097	0.135	15.867
37	2.762	0.098	0.135	15.839
38	2.762	0.097	0.073	15.827
39	2.761	0.096	0.073	15.809
40	2.758	0.098	0.146	15.771
41	2.757	0.097	0.083	15.755
42	2.757	0.097	0.073	15.759
43	2.756	0.097	0.094	15.741
44	2.755	0.099	0.188	15.721
45	2.755	0.100	0.135	15.722
46	2.755	0.101	0.146	15.717
47	2.752	0.101	0.115	15.681
48	2.752	0.101	0.104	15.674
49	2.751	0.101	0.115	15.659
50	2.749	0.103	0.188	15.620
51	2.749	0.103	0.083	15.623
52	2.748	0.102	0.083	15.610
53	2.746	0.103	0.167	15.574
54	2.744	0.105	0.198	15.543
55	2.742	0.105	0.115	15.514
56	2.740	0.106	0.167	15.486
57	2.740	0.107	0.146	15.484
58	2.739	0.107	0.125	15.473
59	2.738	0.107	0.083	15.460
60	2.737	0.107	0.115	15.441
61	2.735	0.108	0.167	15.412
62	2.734	0.108	0.115	15.387
63	2.731	0.110	0.208	15.342
64	2.730	0.110	0.115	15.333
65	2.730	0.109	0.073	15.338
66	2.731	0.109	0.073	15.350
67	2.730	0.109	0.104	15.338
68	2.730	0.110	0.167	15.331
69	2.729	0.109	0.104	15.317
70	2.727	0.111	0.188	15.281
71	2.726	0.111	0.156	15.266
72	2.725	0.112	0.156	15.251
73	2.724	0.112	0.094	15.236
74	2.724	0.111	0.073	15.241
75	2.723	0.112	0.167	15.221
76	2.722	0.113	0.167	15.211
77	2.720	0.112	0.094	15.187
78	2.720	0.113	0.135	15.184
79	2.718	0.113	0.167	15.157
80	2.718	0.113	0.094	15.145
81	2.716	0.114	0.167	15.114
82	2.714	0.115	0.188	15.092
83	2.714	0.115	0.135	15.092
84	2.714	0.115	0.146	15.085
85	2.712	0.116	0.167	15.062
86	2.711	0.116	0.146	15.046
87	2.711	0.116	0.115	15.042
88	2.710	0.116	0.146	15.023
89	2.709	0.116	0.083	15.018
90	2.707	0.117	0.156	14.989
91	2.705	0.117	0.156	14.960
92	2.704	0.118	0.167	14.943
93	2.703	0.117	0.104	14.923
94	2.702	0.117	0.104	14.911
95	2.702	0.117	0.094	14.906
96	2.702	0.117	0.083	14.902
97	2.700	0.117	0.167	14.872
98	2.698	0.117	0.135	14.851
99	2.697	0.118	0.135	14.840
100	2.696	0.118	0.177	14.824
101	2.696	0.119	0.156	14.818
102	2.695	0.118	0.073	14.801
103	2.693	0.118	0.135	14.777
104	2.691	0.119	0.177	14.753
105	2.690	0.119	0.104	14.729
106	2.689	0.119	0.104	14.715
107	2.688	0.118	0.115	14.699
108	2.687	0.119	0.156	14.687
109	2.686	0.119	0.177	14.675
110	2.686	0.120	0.135	14.666
111	2.684	0.120	0.188	14.641
112	2.683	0.120	0.104	14.627
113	2.681	0.121	0.188	14.604
114	2.679	0.121	0.125	14.576
115	2.678	0.121	0.146	14.554
116	2.677	0.121	0.146	14.538
117	2.675	0.122	0.177	14.514
118	2.673	0.122	0.208	14.483
119	2.672	0.122	0.146	14.465
120	2.670	0.122	0.104	14.444
121	2.670	0.122	0.115	14.433
122	2.668	0.122	0.125	14.416
123	2.667	0.123	0.167	14.395
124	2.665	0.123	0.156	14.374
125	2.664	0.123	0.146	14.354
126	2.663	0.124	0.219	14.332
127	2.661	0.124	0.135	14.309
128	2.659	0.124	0.146	14.279
129	2.657	0.125	0.219	14.251
130	2.655	0.125	0.208	14.227
131	2.653	0.126	0.198	14.201
132	2.651	0.126	0.177	14.174
133	2.650	0.127	0.208	14.149
134	2.648	0.127	0.177	14.126
135	2.648	0.127	0.083	14.120
136	2.646	0.127	0.135	14.102
137	2.645	0.128	0.208	14.078
138	2.642	0.128	0.208	14.040
139	2.640	0.129	0.167	14.012
140	2.638	0.129	0.167	13.987
141	2.638	0.129	0.115	13.982
142	2.636	0.129	0.167	13.962
143	2.636	0.129	0.104	13.958
144	2.635	0.129	0.146	13.937
145	2.634	0.129	0.125	13.923
146	2.632	0.129	0.125	13.899
147	2.629	0.129	0.208	13.865
148	2.628	0.129	0.094	13.844
149	2.626	0.129	0.146	13.820
150	2.625	0.129	0.135	13.807
151	2.624	0.129	0.115	13.788
152	2.622	0.130	0.198	13.768
153	2.621	0.130	0.115	13.748
154	2.619	0.130	0.156	13.728
155	2.618	0.130	0.125	13.706
156	2.617	0.130	0.156	13.689
157	2.615	0.130	0.177	13.666
158	2.614	0.130	0.135	13.648
159	2.611	0.131	0.271	13.617
160	2.609	0.131	0.156	13.591
161	2.608	0.132	0.198	13.572
162	2.606	0.132	0.250	13.547
163	2.605	0.132	0.104	13.531
164	2.603	0.133	0.229	13.507
165	2.601	0.133	0.229	13.479
166	2.600	0.134	0.156	13.460
167	2.598	0.134	0.260	13.434
168	2.597	0.135	0.177	13.420
169	2.595	0.135	0.188	13.398
170	2.594	0.135	0.115	13.380
171	2.592	0.135	0.188	13.361
172	2.591	0.136	0.208	13.344
173	2.589	0.136	0.271	13.318
174	2.588	0.137	0.177	13.297
175	2.586	0.137	0.146	13.276
176	2.585	0.137	0.135	13.260
177	2.584	0.137	0.208	13.248
178	2.582	0.137	0.167	13.227
179	2.581	0.137	0.167	13.212
180	2.580	0.137	0.146	13.197
181	2.579	0.137	0.125	13.186
182	2.578	0.138	0.198	13.168
183	2.577	0.138	0.146	13.155
184	2.576	0.138	0.115	13.145
185	2.575	0.137	0.083	13.131
186	2.574	0.137	0.177	13.121
187	2.573	0.138	0.156	13.110
188	2.572	0.137	0.104	13.093
189	2.571	0.137	0.146	13.076
190	2.569	0.138	0.219	13.057
191	2.568	0.138	0.219	13.037
192	2.567	0.138	0.115	13.028
193	2.566	0.138	0.167	13.012
194	2.564	0.139	0.250	12.993
195	2.563	0.139	0.146	12.977
196	2.561	0.139	0.198	12.954
197	2.560	0.140	0.198	12.936
198	2.559	0.140	0.229	12.920
199	2.558	0.140	0.198	12.909
200	2.557	0.140	0.167	12.894
201	2.555	0.141	0.229	12.874
202	2.554	0.141	0.156	12.864
203	2.553	0.141	0.156	12.849
204	2.552	0.141	0.135	12.832
205	2.551	0.141	0.156	12.820
206	2.550	0.141	0.198	12.810
207	2.549	0.142	0.208	12.794
208	2.547	0.142	0.188	12.775
209	2.546	0.142	0.198	12.756
210	2.544	0.143	0.260	12.736
211	2.544	0.143	0.177	12.725
212	2.542	0.143	0.219	12.702
213	2.541	0.143	0.156	12.686
214	2.540	0.143	0.177	12.679
215	2.538	0.144	0.198	12.660
216	2.537	0.144	0.135	12.648
217	2.536	0.144	0.219	12.631
218	2.535	0.144	0.177	12.621
219	2.534	0.144	0.115	12.610
220	2.534	0.144	0.135	12.599
221	2.532	0.144	0.198	12.581
222	2.531	0.144	0.135	12.570
223	2.530	0.144	0.156	12.553
224	2.529	0.144	0.167	12.546
225	2.529	0.144	0.115	12.537
226	2.527	0.145	0.240	12.522
227	2.526	0.145	0.198	12.504
228	2.525	0.145	0.167	12.493
229	2.525	0.145	0.094	12.485
230	2.524	0.145	0.104	12.477
231	2.523	0.144	0.125	12.469
232	2.522	0.144	0.135	12.459
233	2.522	0.144	0.135	12.454
234	2.521	0.145	0.219	12.440
235	2.520	0.145	0.146	12.431
236	2.520	0.145	0.167	12.423
237	2.518	0.145	0.229	12.409
238	2.518	0.145	0.208	12.401
239	2.517	0.145	0.146	12.393
240	2.516	0.146	0.167	12.384
241	2.515	0.146	0.177	12.372
242	2.515	0.146	0.177	12.364
243	2.514	0.146	0.167	12.355
244	2.513	0.146	0.198	12.342
245	2.512	0.146	0.188	12.335
246	2.512	0.146	0.167	12.326
247	2.511	0.146	0.135	12.312
248	2.510	0.146	0.146	12.307
249	2.509	0.146	0.135	12.296
250	2.508	0.146	0.167	12.282
251	2.507	0.147	0.219	12.274
252	2.507	0.147	0.156	12.263
253	2.506	0.147	0.188	12.252
254	2.505	0.147	0.198	12.239
255	2.504	0.147	0.156	12.230
256	2.503	0.147	0.188	12.219
257	2.502	0.147	0.094	12.210
258	2.502	0.147	0.156	12.204
259	2.501	0.147	0.135	12.197
260	2.501	0.147	0.125	12.191
261	2.500	0.147	0.156	12.182
262	2.500	0.147	0.146	12.178
263	2.499	0.147	0.188	12.168
264	2.498	0.147	0.167	12.158
265	2.497	0.147	0.188	12.147
266	2.497	0.147	0.135	12.141
267	2.496	0.147	0.094	12.131
268	2.495	0.147	0.115	12.124
269	2.494	0.147	0.240	12.110
270	2.493	0.147	0.156	12.099
271	2.492	0.148	0.240	12.085
272	2.491	0.148	0.156	12.077
273	2.491	0.148	0.208	12.068
274	2.490	0.148	0.167	12.057
275	2.489	0.148	0.188	12.048
276	2.488	0.148	0.135	12.039
277	2.487	0.148	0.156	12.030
278	2.487	0.148	0.115	12.025
279	2.486	0.148	0.198	12.013
280	2.485	0.148	0.156	12.004
281	2.484	0.148	0.177	11.994
282	2.484	0.148	0.146	11.988
283	2.483	0.148	0.167	11.982
284	2.483	0.149	0.219	11.974
285	2.482	0.149	0.167	11.970
286	2.482	0.149	0.177	11.964
287	2.481	0.149	0.177	11.955
288	2.481	0.149	0.104	11.951
289	2.480	0.149	0.167	11.941
290	2.479	0.149	0.240	11.931
291	2.479	0.149	0.198	11.925
292	2.478	0.150	0.219	11.916
293	2.477	0.149	0.135	11.910
294	2.477	0.150	0.219	11.902
295	2.476	0.150	0.167	11.894
296	2.475	0.150	0.250	11.884
297	2.475	0.150	0.104	11.878
298	2.474	0.150	0.146	11.872
299	2.473	0.150	0.260	11.859
300	2.472	0.151	0.271	11.849
301	2.472	0.151	0.188	11.843
302	2.471	0.151	0.198	11.831
303	2.470	0.151	0.167	11.821
304	2.469	0.151	0.167	11.810
305	2.469	0.151	0.156	11.806
306	2.468	0.151	0.177	11.800
307	2.468	0.151	0.167	11.794
308	2.467	0.151	0.135	11.790
309	2.467	0.151	0.208	11.788
310	2.466	0.152	0.229	11.781
311	2.466	0.152	0.167	11.773
312	2.465	0.152	0.240	11.765
313	2.464	0.152	0.219	11.754
314	2.463	0.152	0.219	11.743
315	2.463	0.152	0.167	11.736
316	2.462	0.153	0.198	11.733
317	2.462	0.153	0.156	11.729
318	2.462	0.153	0.135	11.725
319	2.461	0.153	0.188	11.720
320	2.461	0.153	0.167	11.716
321	2.461	0.153	0.188	11.713
322	2.460	0.153	0.167	11.707
323	2.460	0.153	0.188	11.699
324	2.459	0.153	0.177	11.696
325	2.459	0.153	0.198	11.690
326	2.458	0.153	0.177	11.682
327	2.458	0.153	0.146	11.680
328	2.457	0.153	0.250	11.672
329	2.457	0.154	0.219	11.666
330	2.456	0.154	0.156	11.662
331	2.456	0.154	0.219	11.657
332	2.456	0.154	0.167	11.655
333	2.455	0.154	0.146	11.651
334	2.455	0.154	0.229	11.643
335	2.454	0.154	0.198	11.638
336	2.454	0.154	0.135	11.635
337	2.454	0.154	0.156	11.631
338	2.453	0.154	0.156	11.625
339	2.453	0.154	0.188	11.620
340	2.452	0.155	0.229	11.609
341	2.451	0.155	0.167	11.602
342	2.451	0.154	0.116	11.601
1	2.291	0.208	0.208	9.888
2	2.321	0.156	0.104	10.188
3	2.297	0.156	0.156	9.948
4	2.290	0.167	0.198	9.880
5	2.290	0.165	0.156	9.878
6	2.277	0.172	0.208	9.746
7	2.282	0.165	0.125	9.798
8	2.286	0.171	0.208	9.838
9	2.285	0.171	0.177	9.830
10	2.293	0.170	0.156	9.906
11	2.283	0.179	0.271	9.810
12	2.278	0.188	0.292	9.756
13	2.271	0.190	0.208	9.693
14	2.274	0.188	0.167	9.719
15	2.274	0.185	0.146	9.718
16	2.272	0.187	0.208	9.698
17	2.274	0.183	0.125	9.718
18	2.272	0.186	0.240	9.703
19	2.274	0.186	0.177	9.715
20	2.277	0.185	0.167	9.752
21	2.280	0.185	0.177	9.781
22	2.278	0.186	0.219	9.760
23	2.278	0.188	0.229	9.761
24	2.277	0.189	0.208	9.746
25	2.274	0.191	0.250	9.717
26	2.269	0.196	0.323	9.673
27	2.269	0.195	0.156	9.674
28	2.268	0.195	0.188	9.660
29	2.269	0.194	0.188	9.672
30	2.270	0.195	0.208	9.677
31	2.270	0.195	0.208	9.684
32	2.272	0.192	0.094	9.700
33	2.271	0.192	0.188	9.688
34	2.270	0.191	0.177	9.680
35	2.270	0.192	0.198	9.677
36	2.269	0.194	0.260	9.665
37	2.270	0.193	0.156	9.682
38	2.269	0.193	0.198	9.672
39	2.267	0.193	0.198	9.652
40	2.268	0.192	0.167	9.657
41	2.269	0.191	0.146	9.666
42	2.266	0.193	0.271	9.641
43	2.266	0.193	0.198	9.637
44	2.264	0.194	0.250	9.625
45	2.266	0.194	0.167	9.644
46	2.265	0.194	0.188	9.633
47	2.265	0.193	0.156	9.634
48	2.267	0.192	0.156	9.651
49	2.266	0.193	0.260	9.638
50	2.267	0.194	0.229	9.648
51	2.266	0.196	0.281	9.638
52	2.264	0.196	0.208	9.618
53	2.263	0.195	0.156	9.611
54	2.264	0.196	0.208	9.621
55	2.263	0.197	0.250	9.615
56	2.262	0.197	0.208	9.603
57	2.262	0.197	0.219	9.606
58	2.261	0.198	0.271	9.597
59	2.262	0.198	0.188	9.603
60	2.262	0.198	0.208	9.600
61	2.261	0.197	0.135	9.597
62	2.262	0.198	0.219	9.600
63	2.263	0.196	0.104	9.612
64	2.264	0.197	0.219	9.618
65	2.263	0.197	0.198	9.612
66	2.262	0.197	0.198	9.604
67	2.261	0.198	0.260	9.597
68	2.263	0.197	0.156	9.608
69	2.263	0.197	0.229	9.612
70	2.264	0.197	0.167	9.624
71	2.264	0.197	0.219	9.624
72	2.266	0.196	0.135	9.642
73	2.267	0.197	0.229	9.647
74	2.267	0.196	0.156	9.650
75	2.269	0.196	0.146	9.669
76	2.268	0.196	0.208	9.662
77	2.269	0.195	0.135	9.665
78	2.269	0.195	0.156	9.671
79	2.270	0.194	0.146	9.676
80	2.271	0.193	0.135	9.684
81	2.271	0.193	0.177	9.688
82	2.268	0.194	0.271	9.661
83	2.267	0.194	0.177	9.654
84	2.267	0.194	0.177	9.648
85	2.267	0.194	0.208	9.647
86	2.267	0.193	0.146	9.649
87	2.266	0.192	0.104	9.645
88	2.266	0.192	0.198	9.642
89	2.267	0.192	0.167	9.647
90	2.265	0.193	0.302	9.630
91	2.266	0.192	0.094	9.644
92	2.266	0.193	0.292	9.639
93	2.265	0.193	0.208	9.635
94	2.265	0.193	0.167	9.634
95	2.266	0.193	0.177	9.641
96	2.266	0.193	0.240	9.639
97	2.265	0.193	0.188	9.632
98	2.265	0.194	0.271	9.628
99	2.265	0.194	0.167	9.633
100	2.266	0.194	0.177	9.641
101	2.266	0.194	0.188	9.638
102	2.265	0.194	0.208	9.636
103	2.266	0.194	0.208	9.637
104	2.266	0.194	0.188	9.637
105	2.266	0.194	0.250	9.641
106	2.267	0.193	0.073	9.655
107	2.267	0.193	0.208	9.650
108	2.267	0.193	0.135	9.655
109	2.268	0.193	0.188	9.660
110	2.267	0.193	0.229	9.648
111	2.266	0.194	0.260	9.640
112	2.266	0.194	0.177	9.641
113	2.266	0.194	0.240	9.636
114	2.266	0.193	0.135	9.645
115	2.267	0.193	0.135	9.647
116	2.265	0.194	0.292	9.633
117	2.265	0.194	0.177	9.633
118	2.265	0.194	0.177	9.634
119	2.265	0.194	0.240	9.634
120	2.264	0.194	0.229	9.623
121	2.265	0.194	0.167	9.629
122	2.266	0.193	0.135	9.640
123	2.266	0.193	0.156	9.641
124	2.265	0.194	0.250	9.632
125	2.265	0.193	0.146	9.630
126	2.265	0.193	0.219	9.628
127	2.264	0.193	0.198	9.623
128	2.264	0.194	0.240	9.620
129	2.264	0.194	0.229	9.618
130	2.264	0.194	0.229	9.617
131	2.264	0.194	0.177	9.626
132	2.264	0.195	0.240	9.623
133	2.264	0.195	0.240	9.622
134	2.264	0.195	0.198	9.624
135	2.263	0.196	0.302	9.615
136	2.262	0.196	0.281	9.604
137	2.262	0.197	0.219	9.603
138	2.261	0.197	0.208	9.595
139	2.261	0.197	0.229	9.594
140	2.261	0.197	0.177	9.597
141	2.261	0.196	0.156	9.592
142	2.260	0.197	0.333	9.582
143	2.261	0.197	0.115	9.589
144	2.260	0.197	0.229	9.585
145	2.260	0.197	0.198	9.586
146	2.261	0.197	0.167	9.591
147	2.262	0.197	0.229	9.599
148	2.261	0.197	0.188	9.594
149	2.261	0.197	0.135	9.593
150	2.261	0.196	0.167	9.596
151	2.262	0.196	0.198	9.604
152	2.263	0.196	0.146	9.607
153	2.262	0.196	0.240	9.606
154	2.263	0.196	0.146	9.608
155	2.262	0.196	0.219	9.606
156	2.262	0.196	0.177	9.604
157	2.263	0.196	0.125	9.611
158	2.263	0.196	0.219	9.617
159	2.264	0.196	0.167	9.619
160	2.264	0.196	0.208	9.621
161	2.264	0.196	0.219	9.619
162	2.264	0.196	0.188	9.617
163	2.263	0.196	0.177	9.617
164	2.264	0.196	0.208	9.621
165	2.264	0.195	0.156	9.626
166	2.264	0.196	0.240	9.623
167	2.264	0.195	0.156	9.624
168	2.265	0.195	0.167	9.631
169	2.264	0.195	0.219	9.626
170	2.265	0.195	0.146	9.627
171	2.265	0.195	0.177	9.628
172	2.264	0.195	0.135	9.625
173	2.264	0.195	0.188	9.621
174	2.265	0.194	0.135	9.627
175	2.265	0.194	0.167	9.632
176	2.265	0.194	0.240	9.636
177	2.266	0.194	0.135	9.638
178	2.266	0.194	0.104	9.643
179	2.265	0.194	0.240	9.634
180	2.265	0.194	0.219	9.627
181	2.265	0.194	0.177	9.631
182	2.265	0.194	0.188	9.632
183	2.266	0.194	0.177	9.637
184	2.265	0.194	0.219	9.635
185	2.265	0.194	0.219	9.635
186	2.266	0.194	0.104	9.642
187	2.266	0.194	0.229	9.641
188	2.266	0.194	0.229	9.638
189	2.266	0.194	0.198	9.640
190	2.266	0.194	0.219	9.643
191	2.266	0.194	0.188	9.644
192	2.267	0.194	0.167	9.648
193	2.266	0.194	0.219	9.640
194	2.266	0.194	0.104	9.644
195	2.266	0.194	0.219	9.638
196	2.265	0.194	0.229	9.634
197	2.265	0.194	0.229	9.634
198	2.265	0.194	0.188	9.631
199	2.264	0.194	0.271	9.625
200	2.265	0.194	0.156	9.627
201	2.265	0.194	0.188	9.628
202	2.264	0.194	0.156	9.626
203	2.265	0.194	0.125	9.629
204	2.265	0.194	0.208	9.629
205	2.265	0.194	0.229	9.627
206	2.264	0.194	0.188	9.625
207	2.265	0.193	0.104	9.628
208	2.264	0.193	0.167	9.625
209	2.264	0.193	0.198	9.624
210	2.264	0.193	0.219	9.619
211	2.264	0.194	0.219	9.622
212	2.264	0.193	0.146	9.620
213	2.264	0.193	0.125	9.621
214	2.265	0.193	0.125	9.628
215	2.264	0.193	0.208	9.624
216	2.264	0.193	0.208	9.621
217	2.264	0.193	0.156	9.624
218	2.265	0.192	0.146	9.628
219	2.265	0.192	0.135	9.628
220	2.264	0.193	0.260	9.621
221	2.264	0.192	0.094	9.624
222	2.264	0.192	0.156	9.624
223	2.264	0.192	0.260	9.621
224	2.264	0.192	0.198	9.619
225	2.264	0.192	0.208	9.620
226	2.264	0.192	0.146	9.625
227	2.265	0.192	0.177	9.627
228	2.265	0.192	0.167	9.630
229	2.264	0.192	0.292	9.625
230	2.264	0.192	0.188	9.625
231	2.265	0.192	0.167	9.627
232	2.264	0.192	0.229	9.626
233	2.264	0.192	0.188	9.625
234	2.264	0.192	0.198	9.625
235	2.265	0.192	0.188	9.628
236	2.264	0.192	0.198	9.626
237	2.265	0.192	0.188	9.627
238	2.264	0.192	0.156	9.626
239	2.265	0.192	0.219	9.628
240	2.264	0.192	0.146	9.624
241	2.264	0.193	0.333	9.619
242	2.264	0.193	0.271	9.617
243	2.264	0.193	0.229	9.617
244	2.263	0.193	0.219	9.615
245	2.263	0.193	0.198	9.616
246	2.264	0.193	0.188	9.618
247	2.264	0.193	0.146	9.621
248	2.264	0.193	0.240	9.618
249	2.264	0.193	0.125	9.620
250	2.264	0.193	0.240	9.618
251	2.264	0.193	0.177	9.620
252	2.264	0.193	0.198	9.619
253	2.264	0.193	0.198	9.620
254	2.263	0.193	0.271	9.615
255	2.263	0.194	0.198	9.612
256	2.263	0.194	0.208	9.611
257	2.263	0.193	0.167	9.610
258	2.262	0.193	0.146	9.606
259	2.263	0.193	0.115	9.611
260	2.263	0.193	0.167	9.613
261	2.263	0.193	0.167	9.616
262	2.264	0.193	0.229	9.617
263	2.263	0.193	0.198	9.614
264	2.263	0.193	0.188	9.614
265	2.263	0.193	0.188	9.612
266	2.262	0.193	0.260	9.607
267	2.262	0.193	0.219	9.604
268	2.262	0.193	0.229	9.603
269	2.262	0.193	0.177	9.603
270	2.262	0.193	0.219	9.604
271	2.262	0.194	0.281	9.603
272	2.262	0.194	0.146	9.603
273	2.262	0.194	0.208	9.600
274	2.262	0.194	0.219	9.600
275	2.262	0.194	0.146	9.599
276	2.262	0.194	0.240	9.598
277	2.262	0.194	0.208	9.598
278	2.262	0.194	0.146	9.602
279	2.262	0.194	0.177	9.599
280	2.262	0.194	0.229	9.599
281	2.262	0.194	0.250	9.599
282	2.262	0.194	0.167	9.603
283	2.262	0.194	0.188	9.604
284	2.262	0.193	0.115	9.605
285	2.263	0.193	0.104	9.608
286	2.262	0.193	0.240	9.605
287	2.262	0.193	0.208	9.601
288	2.262	0.193	0.167	9.602
289	2.263	0.193	0.115	9.608
290	2.263	0.193	0.094	9.611
291	2.263	0.193	0.177	9.611
292	2.263	0.193	0.229	9.609
293	2.263	0.193	0.198	9.609
294	2.263	0.193	0.198	9.611
295	2.263	0.192	0.094	9.612
296	2.263	0.192	0.135	9.613
297	2.263	0.192	0.271	9.609
298	2.263	0.192	0.188	9.608
299	2.263	0.192	0.167	9.610
300	2.263	0.192	0.229	9.609
301	2.263	0.193	0.250	9.608
302	2.262	0.193	0.250	9.606
303	2.262	0.193	0.167	9.606
304	2.262	0.193	0.219	9.607
305	2.263	0.193	0.219	9.608
306	2.263	0.193	0.188	9.609
307	2.263	0.193	0.104	9.613
308	2.263	0.193	0.250	9.611
309	2.263	0.193	0.167	9.614
310	2.263	0.193	0.219	9.616
311	2.263	0.193	0.229	9.616
312	2.263	0.193	0.219	9.615
313	2.263	0.193	0.156	9.615
314	2.263	0.193	0.302	9.611
315	2.263	0.193	0.177	9.609
316	2.262	0.193	0.271	9.605
317	2.262	0.194	0.240	9.601
318	2.262	0.194	0.219	9.601
319	2.262	0.194	0.177	9.604
320	2.262	0.194	0.208	9.604
321	2.262	0.194	0.208	9.600
322	2.262	0.194	0.177	9.601
323	2.262	0.194	0.188	9.599
324	2.262	0.194	0.229	9.599
325	2.262	0.194	0.167	9.598
326	2.262	0.194	0.188	9.598
327	2.261	0.194	0.188	9.596
328	2.262	0.193	0.115	9.599
329	2.262	0.194	0.240	9.600
330	2.262	0.194	0.198	9.599
331	2.262	0.194	0.208	9.600
332	2.262	0.194	0.177	9.601
333	2.262	0.193	0.156	9.604
334	2.262	0.193	0.146	9.606
335	2.262	0.194	0.271	9.602
336	2.262	0.194	0.229	9.603
337	2.262	0.194	0.260	9.602
338	2.262	0.194	0.240	9.602
339	2.262	0.194	0.146	9.604
340	2.262	0.194	0.177	9.605
341	2.262	0.194	0.302	9.601
342	2.262	0.194	0.232	9.598
1	2.219	0.188	0.188	9.199
2	2.190	0.219	0.250	8.938
3	2.135	0.260	0.344	8.459
4	2.144	0.260	0.260	8.532
5	2.166	0.250	0.208	8.724
6	2.180	0.248	0.240	8.850
7	2.180	0.250	0.260	8.844
8	2.195	0.241	0.177	8.978
9	2.194	0.242	0.250	8.974
10	2.202	0.236	0.188	9.041
11	2.200	0.236	0.229	9.025
12	2.203	0.227	0.135	9.054
13	2.201	0.230	0.260	9.036
14	2.195	0.235	0.302	8.976
15	2.198	0.232	0.188	9.003
16	2.194	0.234	0.260	8.971
17	2.184	0.236	0.271	8.878
18	2.187	0.235	0.219	8.909
19	2.184	0.240	0.333	8.880
20	2.187	0.238	0.198	8.909
21	2.187	0.238	0.229	8.911
22	2.191	0.237	0.229	8.942
23	2.187	0.236	0.198	8.908
24	2.188	0.236	0.240	8.915
25	2.186	0.235	0.219	8.903
26	2.188	0.234	0.208	8.919
27	2.188	0.232	0.188	8.914
28	2.186	0.232	0.219	8.899
29	2.187	0.231	0.208	8.908
30	2.190	0.230	0.198	8.931
31	2.193	0.227	0.146	8.966
32	2.195	0.227	0.219	8.982
33	2.196	0.226	0.188	8.989
34	2.194	0.226	0.250	8.972
35	2.194	0.226	0.229	8.973
36	2.195	0.226	0.219	8.979
37	2.197	0.226	0.219	8.996
38	2.197	0.226	0.219	8.997
39	2.197	0.226	0.250	8.998
40	2.197	0.226	0.219	8.994
41	2.196	0.226	0.219	8.991
42	2.197	0.226	0.208	8.999
43	2.194	0.227	0.271	8.971
44	2.197	0.226	0.188	8.997
45	2.196	0.227	0.292	8.989
46	2.197	0.227	0.208	8.999
47	2.199	0.227	0.240	9.017
48	2.198	0.228	0.250	9.009
49	2.197	0.228	0.229	8.998
50	2.196	0.229	0.271	8.993
51	2.198	0.228	0.177	9.004
52	2.194	0.229	0.312	8.973
53	2.194	0.229	0.198	8.970
54	2.198	0.227	0.135	9.005
55	2.199	0.227	0.250	9.016
56	2.196	0.229	0.302	8.989
57	2.194	0.230	0.281	8.972
58	2.194	0.230	0.229	8.970
59	2.193	0.229	0.219	8.965
60	2.193	0.229	0.229	8.963
61	2.194	0.231	0.302	8.970
62	2.196	0.230	0.167	8.989
63	2.196	0.230	0.240	8.990
64	2.197	0.230	0.240	8.999
65	2.198	0.229	0.177	9.011
66	2.199	0.229	0.240	9.017
67	2.201	0.228	0.156	9.032
68	2.202	0.227	0.188	9.045
69	2.201	0.228	0.250	9.032
70	2.201	0.227	0.188	9.035
71	2.202	0.227	0.219	9.045
72	2.204	0.226	0.156	9.058
73	2.206	0.225	0.135	9.079
74	2.206	0.225	0.229	9.079
75	2.206	0.225	0.208	9.084
76	2.204	0.226	0.333	9.057
77	2.203	0.226	0.229	9.055
78	2.203	0.226	0.219	9.055
79	2.202	0.227	0.271	9.039
80	2.202	0.226	0.198	9.045
81	2.203	0.226	0.177	9.055
82	2.201	0.226	0.281	9.033
83	2.200	0.226	0.219	9.026
84	2.200	0.227	0.260	9.024
85	2.201	0.226	0.167	9.034
86	2.200	0.226	0.240	9.028
87	2.200	0.227	0.271	9.029
88	2.199	0.227	0.281	9.014
89	2.198	0.228	0.271	9.005
90	2.199	0.226	0.104	9.018
91	2.199	0.226	0.167	9.020
92	2.199	0.226	0.271	9.019
93	2.199	0.226	0.198	9.016
94	2.200	0.226	0.208	9.027
95	2.200	0.226	0.240	9.026
96	2.199	0.226	0.271	9.020
97	2.200	0.226	0.188	9.028
98	2.198	0.228	0.385	9.009
99	2.199	0.227	0.219	9.012
100	2.199	0.227	0.156	9.018
101	2.201	0.226	0.146	9.036
102	2.201	0.226	0.260	9.033
103	2.201	0.226	0.219	9.033
104	2.201	0.226	0.229	9.038
105	2.203	0.226	0.167	9.056
106	2.203	0.226	0.250	9.052
107	2.204	0.226	0.208	9.058
108	2.202	0.227	0.344	9.045
109	2.203	0.226	0.156	9.054
110	2.204	0.226	0.198	9.057
111	2.204	0.226	0.188	9.057
112	2.203	0.226	0.271	9.050
113	2.203	0.226	0.240	9.051
114	2.203	0.227	0.271	9.049
115	2.204	0.226	0.146	9.059
116	2.204	0.225	0.188	9.060
117	2.204	0.225	0.219	9.058
118	2.204	0.225	0.188	9.060
119	2.202	0.226	0.333	9.046
120	2.202	0.226	0.240	9.047
121	2.203	0.226	0.188	9.048
122	2.203	0.226	0.198	9.049
123	2.204	0.225	0.188	9.058
124	2.203	0.225	0.240	9.055
125	2.203	0.226	0.250	9.050
126	2.202	0.226	0.281	9.045
127	2.203	0.226	0.167	9.051
128	2.202	0.226	0.250	9.047
129	2.202	0.226	0.229	9.046
130	2.202	0.226	0.198	9.044
131	2.202	0.226	0.240	9.043
132	2.202	0.226	0.250	9.042
133	2.202	0.225	0.135	9.041
134	2.200	0.226	0.271	9.029
135	2.201	0.225	0.208	9.030
136	2.200	0.225	0.240	9.021
137	2.200	0.225	0.135	9.024
138	2.200	0.225	0.281	9.029
139	2.201	0.225	0.188	9.034
140	2.201	0.225	0.250	9.032
141	2.200	0.225	0.250	9.029
142	2.201	0.225	0.188	9.030
143	2.201	0.225	0.188	9.036
144	2.201	0.225	0.208	9.037
145	2.201	0.224	0.167	9.038
146	2.202	0.224	0.229	9.042
147	2.201	0.224	0.229	9.037
148	2.202	0.224	0.125	9.043
149	2.202	0.224	0.271	9.047
150	2.203	0.223	0.135	9.050
151	2.202	0.224	0.302	9.044
152	2.202	0.224	0.281	9.043
153	2.203	0.224	0.125	9.053
154	2.203	0.224	0.219	9.053
155	2.203	0.224	0.250	9.050
156	2.203	0.224	0.219	9.050
157	2.203	0.223	0.146	9.055
158	2.203	0.224	0.281	9.050
159	2.202	0.224	0.208	9.045
160	2.202	0.224	0.250	9.045
161	2.203	0.224	0.198	9.048
162	2.203	0.224	0.229	9.049
163	2.202	0.224	0.271	9.042
164	2.201	0.224	0.250	9.037
165	2.201	0.224	0.198	9.037
166	2.201	0.224	0.188	9.034
167	2.201	0.224	0.312	9.034
168	2.202	0.223	0.104	9.039
169	2.202	0.223	0.198	9.042
170	2.200	0.224	0.375	9.026
171	2.201	0.224	0.229	9.032
172	2.200	0.224	0.219	9.029
173	2.200	0.224	0.250	9.029
174	2.201	0.224	0.156	9.034
175	2.202	0.224	0.250	9.040
176	2.202	0.224	0.240	9.041
177	2.202	0.225	0.292	9.040
178	2.201	0.224	0.208	9.036
179	2.201	0.225	0.229	9.034
180	2.201	0.224	0.167	9.036
181	2.201	0.224	0.198	9.038
182	2.202	0.224	0.302	9.040
183	2.201	0.225	0.302	9.036
184	2.201	0.225	0.177	9.038
185	2.200	0.225	0.281	9.029
186	2.200	0.225	0.260	9.026
187	2.200	0.225	0.135	9.029
188	2.200	0.225	0.281	9.025
189	2.200	0.225	0.156	9.027
190	2.201	0.224	0.198	9.030
191	2.200	0.225	0.240	9.029
192	2.200	0.224	0.198	9.027
193	2.201	0.224	0.219	9.031
194	2.201	0.224	0.250	9.033
195	2.201	0.225	0.240	9.034
196	2.201	0.225	0.260	9.031
197	2.201	0.225	0.198	9.032
198	2.201	0.225	0.271	9.030
199	2.200	0.225	0.240	9.029
200	2.200	0.225	0.250	9.025
201	2.200	0.225	0.250	9.023
202	2.200	0.226	0.292	9.024
203	2.200	0.225	0.198	9.026
204	2.201	0.225	0.188	9.030
205	2.201	0.225	0.156	9.031
206	2.200	0.225	0.323	9.029
207	2.201	0.226	0.292	9.031
208	2.201	0.226	0.250	9.030
209	2.201	0.226	0.271	9.033
210	2.201	0.226	0.177	9.033
211	2.201	0.226	0.229	9.035
212	2.201	0.226	0.281	9.034
213	2.201	0.226	0.198	9.033
214	2.201	0.226	0.167	9.036
215	2.201	0.226	0.208	9.035
216	2.201	0.226	0.260	9.032
217	2.200	0.226	0.219	9.029
218	2.200	0.226	0.229	9.029
219	2.200	0.226	0.281	9.026
220	2.200	0.226	0.188	9.029
221	2.201	0.226	0.219	9.032
222	2.201	0.226	0.188	9.032
223	2.200	0.226	0.302	9.026
224	2.201	0.226	0.219	9.032
225	2.200	0.226	0.260	9.027
226	2.199	0.226	0.333	9.017
227	2.199	0.227	0.302	9.012
228	2.199	0.227	0.167	9.017
229	2.199	0.227	0.260	9.016
230	2.199	0.227	0.208	9.015
231	2.198	0.227	0.385	9.008
232	2.198	0.227	0.250	9.008
233	2.198	0.227	0.229	9.006
234	2.198	0.227	0.208	9.003
235	2.198	0.227	0.156	9.006
236	2.198	0.227	0.198	9.005
237	2.198	0.227	0.198	9.008
238	2.198	0.227	0.219	9.007
239	2.198	0.227	0.250	9.004
240	2.198	0.227	0.250	9.003
241	2.198	0.227	0.156	9.005
242	2.198	0.226	0.188	9.005
243	2.198	0.226	0.219	9.004
244	2.198	0.227	0.250	9.004
245	2.198	0.227	0.271	9.005
246	2.197	0.227	0.240	8.998
247	2.197	0.227	0.177	9.002
248	2.197	0.227	0.219	8.998
249	2.197	0.227	0.219	8.998
250	2.197	0.227	0.281	8.996
251	2.196	0.227	0.260	8.993
252	2.197	0.227	0.177	8.994
253	2.196	0.227	0.271	8.992
254	2.196	0.227	0.292	8.985
255	2.196	0.227	0.188	8.990
256	2.196	0.227	0.250	8.988
257	2.196	0.227	0.188	8.990
258	2.195	0.227	0.333	8.984
259	2.196	0.227	0.198	8.985
260	2.196	0.227	0.177	8.992
261	2.196	0.227	0.271	8.993
262	2.196	0.227	0.250	8.990
263	2.196	0.227	0.260	8.990
264	2.196	0.227	0.250	8.989
265	2.196	0.228	0.250	8.990
266	2.196	0.228	0.219	8.990
267	2.196	0.227	0.219	8.993
268	2.197	0.227	0.219	8.997
269	2.197	0.227	0.135	9.000
270	2.197	0.227	0.240	8.994
271	2.197	0.227	0.229	8.995
272	2.196	0.227	0.260	8.993
273	2.196	0.228	0.292	8.989
274	2.196	0.228	0.229	8.987
275	2.196	0.228	0.250	8.987
276	2.195	0.228	0.250	8.984
277	2.196	0.228	0.177	8.985
278	2.196	0.227	0.177	8.988
279	2.196	0.227	0.219	8.989
280	2.196	0.228	0.302	8.985
281	2.195	0.228	0.229	8.984
282	2.195	0.228	0.208	8.984
283	2.196	0.227	0.198	8.987
284	2.195	0.227	0.240	8.984
285	2.196	0.227	0.229	8.986
286	2.195	0.228	0.281	8.982
287	2.195	0.228	0.260	8.981
288	2.195	0.228	0.219	8.982
289	2.195	0.228	0.260	8.981
290	2.195	0.228	0.219	8.981
291	2.195	0.228	0.156	8.982
292	2.195	0.228	0.240	8.979
293	2.195	0.228	0.208	8.978
294	2.195	0.228	0.229	8.978
295	2.194	0.228	0.250	8.972
296	2.194	0.228	0.281	8.969
297	2.194	0.228	0.229	8.968
298	2.194	0.228	0.219	8.968
299	2.194	0.228	0.260	8.971
300	2.194	0.228	0.177	8.971
301	2.194	0.228	0.208	8.970
302	2.193	0.228	0.344	8.965
303	2.193	0.228	0.208	8.963
304	2.193	0.228	0.219	8.962
305	2.193	0.228	0.208	8.962
306	2.193	0.228	0.240	8.960
307	2.193	0.228	0.229	8.960
308	2.193	0.228	0.188	8.958
309	2.193	0.228	0.156	8.960
310	2.192	0.228	0.302	8.955
311	2.192	0.228	0.250	8.955
312	2.192	0.228	0.208	8.956
313	2.192	0.228	0.333	8.955
314	2.192	0.228	0.302	8.953
315	2.192	0.228	0.219	8.954
316	2.192	0.228	0.167	8.957
317	2.193	0.228	0.229	8.958
318	2.193	0.228	0.188	8.959
319	2.193	0.228	0.198	8.963
320	2.193	0.228	0.146	8.966
321	2.193	0.228	0.271	8.963
322	2.193	0.228	0.240	8.965
323	2.193	0.228	0.260	8.966
324	2.193	0.228	0.260	8.965
325	2.193	0.228	0.240	8.966
326	2.193	0.228	0.177	8.966
327	2.194	0.228	0.240	8.967
328	2.193	0.228	0.260	8.964
329	2.193	0.228	0.292	8.959
330	2.192	0.228	0.240	8.954
331	2.192	0.228	0.198	8.955
332	2.192	0.228	0.198	8.955
333	2.192	0.228	0.271	8.952
334	2.192	0.228	0.208	8.952
335	2.192	0.228	0.125	8.956
336	2.192	0.228	0.260	8.953
337	2.192	0.228	0.208	8.955
338	2.192	0.228	0.177	8.955
339	2.192	0.228	0.219	8.955
340	2.192	0.228	0.260	8.953
341	2.192	0.228	0.292	8.951
342	2.191	0.228	0.246	8.947
test_index	loss	acc	batch_acc	perp
1	0.079	0.781	0.781	1.082
2	0.071	0.797	0.812	1.074
3	0.106	0.694	0.490	1.112
4	0.141	0.555	0.135	1.151
5	0.160	0.488	0.219	1.174
6	0.173	0.441	0.208	1.189
7	0.183	0.393	0.104	1.201
8	0.191	0.366	0.177	1.211
9	0.197	0.343	0.156	1.217
10	0.201	0.326	0.177	1.223
11	0.205	0.312	0.167	1.228
12	0.208	0.301	0.188	1.232
13	0.210	0.300	0.292	1.234
14	0.213	0.291	0.167	1.237
15	0.215	0.285	0.198	1.240
16	0.216	0.281	0.229	1.241
17	0.218	0.273	0.135	1.243
18	0.219	0.267	0.177	1.244
19	0.220	0.260	0.135	1.246
20	0.222	0.253	0.104	1.249
21	0.223	0.247	0.135	1.250
22	0.224	0.247	0.240	1.251
23	0.224	0.243	0.156	1.251
24	0.224	0.239	0.146	1.252
25	0.225	0.236	0.167	1.252
26	0.225	0.235	0.219	1.253
27	0.226	0.232	0.156	1.253
28	0.226	0.230	0.177	1.254
29	0.227	0.227	0.146	1.255
30	0.227	0.228	0.260	1.255
31	0.227	0.226	0.167	1.255
32	0.228	0.225	0.188	1.256
33	0.228	0.223	0.135	1.256
34	0.228	0.222	0.208	1.256
35	0.228	0.220	0.135	1.256
36	0.229	0.220	0.229	1.257
37	0.229	0.218	0.156	1.257
38	0.229	0.217	0.177	1.258
39	0.230	0.216	0.188	1.258
40	0.230	0.216	0.208	1.258
41	0.230	0.215	0.177	1.259
42	0.231	0.212	0.094	1.259
43	0.230	0.214	0.281	1.259
44	0.231	0.214	0.208	1.259
45	0.231	0.212	0.146	1.260
46	0.231	0.210	0.115	1.260
47	0.231	0.210	0.219	1.260
48	0.231	0.210	0.198	1.260
49	0.231	0.210	0.198	1.260
50	0.232	0.208	0.135	1.261
51	0.232	0.208	0.167	1.261
52	0.232	0.205	0.094	1.261
53	0.232	0.203	0.104	1.261
54	0.232	0.203	0.188	1.261
55	0.232	0.203	0.208	1.261
56	0.232	0.203	0.188	1.262
57	0.232	0.202	0.177	1.262
58	0.233	0.202	0.188	1.262
59	0.233	0.202	0.208	1.262
60	0.233	0.201	0.135	1.262
61	0.233	0.200	0.156	1.262
62	0.233	0.200	0.156	1.262
63	0.233	0.199	0.146	1.263
64	0.234	0.199	0.208	1.263
65	0.234	0.199	0.177	1.263
66	0.234	0.197	0.115	1.264
67	0.234	0.198	0.250	1.263
68	0.233	0.200	0.333	1.263
69	0.232	0.205	0.510	1.261
70	0.232	0.204	0.156	1.262
71	0.232	0.205	0.260	1.261
72	0.232	0.205	0.188	1.261
73	0.232	0.205	0.240	1.261
74	0.232	0.206	0.302	1.261
75	0.231	0.210	0.510	1.260
76	0.231	0.210	0.208	1.260
77	0.231	0.210	0.167	1.260
78	0.231	0.209	0.125	1.260
79	0.231	0.208	0.177	1.260
80	0.231	0.209	0.240	1.260
81	0.230	0.213	0.552	1.259
82	0.230	0.213	0.240	1.259
83	0.230	0.213	0.167	1.259
84	0.230	0.213	0.240	1.259
85	0.230	0.213	0.229	1.259
86	0.230	0.214	0.292	1.259
87	0.229	0.217	0.448	1.258
88	0.229	0.217	0.260	1.258
89	0.229	0.217	0.146	1.258
90	0.229	0.216	0.198	1.258
91	0.229	0.216	0.198	1.258
92	0.229	0.219	0.448	1.258
93	0.229	0.221	0.396	1.257
94	0.228	0.222	0.365	1.257
95	0.228	0.222	0.229	1.257
96	0.228	0.222	0.208	1.257
97	0.229	0.222	0.219	1.257
98	0.229	0.222	0.219	1.257
99	0.228	0.223	0.354	1.257
100	0.228	0.226	0.479	1.256
101	0.227	0.228	0.396	1.255
102	0.227	0.227	0.177	1.255
103	0.227	0.227	0.240	1.255
104	0.228	0.226	0.115	1.256
105	0.228	0.226	0.250	1.256
106	0.227	0.226	0.240	1.255
107	0.227	0.228	0.427	1.255
108	0.226	0.231	0.500	1.254
109	0.226	0.231	0.240	1.254
110	0.226	0.230	0.188	1.254
111	0.226	0.230	0.219	1.254
112	0.226	0.230	0.208	1.254
113	0.226	0.231	0.292	1.254
114	0.226	0.233	0.490	1.253
115	0.225	0.235	0.427	1.253
116	0.225	0.235	0.271	1.252
117	0.225	0.234	0.156	1.252
118	0.225	0.235	0.281	1.253
119	0.225	0.234	0.188	1.253
120	0.225	0.235	0.354	1.253
121	0.225	0.238	0.500	1.252
122	0.224	0.241	0.688	1.251
123	0.224	0.242	0.333	1.251
124	0.224	0.241	0.156	1.251
125	0.224	0.241	0.240	1.251
126	0.224	0.240	0.104	1.251
127	0.224	0.240	0.188	1.251
128	0.224	0.241	0.385	1.251
129	0.223	0.244	0.656	1.250
130	0.223	0.245	0.375	1.249
131	0.223	0.245	0.167	1.250
132	0.223	0.244	0.198	1.250
133	0.223	0.243	0.125	1.250
134	0.223	0.243	0.188	1.250
135	0.223	0.243	0.323	1.250
136	0.222	0.246	0.542	1.249
137	0.222	0.248	0.510	1.249
138	0.222	0.248	0.250	1.249
139	0.222	0.248	0.240	1.249
140	0.222	0.247	0.156	1.249
141	0.222	0.247	0.250	1.249
142	0.222	0.247	0.219	1.249
143	0.222	0.249	0.531	1.248
144	0.221	0.251	0.562	1.248
145	0.221	0.251	0.260	1.248
146	0.221	0.250	0.177	1.248
147	0.221	0.250	0.240	1.248
148	0.222	0.250	0.198	1.248
149	0.222	0.250	0.260	1.248
150	0.221	0.252	0.479	1.248
151	0.221	0.254	0.562	1.247
152	0.221	0.254	0.333	1.247
153	0.221	0.253	0.135	1.247
154	0.221	0.253	0.229	1.247
155	0.221	0.253	0.146	1.247
156	0.221	0.252	0.219	1.247
157	0.221	0.253	0.406	1.247
158	0.220	0.255	0.458	1.247
159	0.220	0.256	0.406	1.246
160	0.220	0.255	0.198	1.246
161	0.220	0.255	0.208	1.246
162	0.221	0.255	0.208	1.247
163	0.221	0.254	0.219	1.247
164	0.221	0.255	0.281	1.247
165	0.220	0.256	0.562	1.246
166	0.220	0.257	0.406	1.246
167	0.220	0.257	0.156	1.246
168	0.220	0.257	0.219	1.246
169	0.220	0.256	0.094	1.246
170	0.220	0.256	0.271	1.246
171	0.220	0.256	0.312	1.246
172	0.220	0.258	0.583	1.246
173	0.220	0.259	0.396	1.246
174	0.220	0.259	0.240	1.246
175	0.220	0.258	0.198	1.246
176	0.220	0.258	0.167	1.246
177	0.220	0.258	0.229	1.246
178	0.220	0.259	0.448	1.246
179	0.219	0.260	0.583	1.245
180	0.219	0.262	0.469	1.245
181	0.219	0.261	0.177	1.245
182	0.219	0.261	0.208	1.245
183	0.219	0.261	0.250	1.245
184	0.219	0.260	0.208	1.245
185	0.219	0.261	0.344	1.245
186	0.219	0.263	0.635	1.245
187	0.219	0.264	0.375	1.244
188	0.219	0.263	0.198	1.244
189	0.219	0.263	0.167	1.245
190	0.219	0.262	0.198	1.245
191	0.219	0.262	0.281	1.245
192	0.219	0.263	0.333	1.245
193	0.218	0.264	0.500	1.244
194	0.218	0.265	0.365	1.244
195	0.218	0.264	0.177	1.244
196	0.218	0.263	0.146	1.244
197	0.219	0.263	0.156	1.244
198	0.219	0.263	0.177	1.244
199	0.218	0.263	0.385	1.244
200	0.218	0.265	0.635	1.244
201	0.218	0.267	0.573	1.243
202	0.217	0.268	0.531	1.243
203	0.217	0.268	0.302	1.243
204	0.217	0.267	0.125	1.243
205	0.217	0.267	0.188	1.243
206	0.218	0.266	0.073	1.243
207	0.218	0.266	0.250	1.243
208	0.218	0.266	0.365	1.243
209	0.217	0.268	0.552	1.243
210	0.217	0.268	0.240	1.243
211	0.217	0.267	0.188	1.243
212	0.218	0.267	0.156	1.243
213	0.218	0.267	0.250	1.243
214	0.218	0.267	0.281	1.243
215	0.217	0.267	0.427	1.243
216	0.217	0.268	0.448	1.243
217	0.217	0.268	0.229	1.243
218	0.217	0.268	0.208	1.243
219	0.217	0.268	0.208	1.243
220	0.218	0.267	0.135	1.243
221	0.218	0.266	0.125	1.243
222	0.218	0.266	0.135	1.243
223	0.218	0.265	0.146	1.243
224	0.218	0.265	0.188	1.244
225	0.218	0.264	0.167	1.244
226	0.218	0.264	0.281	1.244
227	0.218	0.264	0.229	1.244
228	0.218	0.264	0.115	1.244
229	0.218	0.263	0.198	1.244
230	0.218	0.263	0.177	1.244
231	0.219	0.263	0.156	1.244
232	0.219	0.262	0.229	1.244
233	0.219	0.262	0.104	1.244
234	0.219	0.261	0.156	1.245
235	0.219	0.261	0.292	1.245
236	0.219	0.261	0.167	1.245
237	0.219	0.260	0.125	1.245
238	0.219	0.260	0.208	1.245
239	0.219	0.260	0.125	1.245
240	0.219	0.260	0.271	1.245
241	0.219	0.260	0.229	1.245
242	0.219	0.259	0.167	1.245
243	0.220	0.259	0.219	1.245
244	0.220	0.258	0.094	1.246
245	0.220	0.258	0.135	1.246
246	0.220	0.257	0.115	1.246
247	0.220	0.257	0.135	1.246
248	0.220	0.256	0.167	1.246
249	0.220	0.256	0.229	1.246
250	0.220	0.256	0.229	1.246
251	0.220	0.256	0.167	1.246
252	0.220	0.256	0.250	1.246
253	0.220	0.255	0.115	1.247
254	0.220	0.255	0.146	1.247
255	0.221	0.254	0.156	1.247
256	0.221	0.254	0.208	1.247
257	0.221	0.254	0.198	1.247
258	0.221	0.254	0.208	1.247
259	0.221	0.254	0.188	1.247
260	0.221	0.253	0.125	1.247
261	0.221	0.253	0.156	1.247
262	0.221	0.253	0.229	1.247
263	0.221	0.252	0.156	1.247
264	0.221	0.252	0.240	1.248
265	0.221	0.252	0.260	1.248
266	0.221	0.252	0.167	1.248
267	0.221	0.252	0.271	1.248
268	0.221	0.252	0.167	1.248
269	0.221	0.251	0.198	1.248
270	0.221	0.251	0.146	1.248
271	0.222	0.251	0.198	1.248
272	0.222	0.251	0.281	1.248
273	0.222	0.251	0.271	1.248
274	0.222	0.251	0.135	1.248
275	0.222	0.251	0.271	1.248
276	0.222	0.251	0.260	1.248
277	0.222	0.251	0.198	1.248
278	0.222	0.250	0.135	1.248
279	0.222	0.250	0.104	1.248
280	0.222	0.249	0.208	1.248
281	0.222	0.249	0.156	1.249
282	0.222	0.249	0.115	1.249
283	0.222	0.248	0.177	1.249
284	0.222	0.248	0.146	1.249
285	0.222	0.248	0.240	1.249
286	0.222	0.248	0.219	1.249
287	0.222	0.247	0.125	1.249
288	0.222	0.247	0.146	1.249
289	0.222	0.247	0.177	1.249
290	0.222	0.246	0.094	1.249
291	0.223	0.246	0.208	1.249
292	0.223	0.246	0.177	1.249
293	0.223	0.246	0.198	1.249
294	0.223	0.246	0.167	1.250
295	0.223	0.245	0.135	1.250
296	0.223	0.245	0.188	1.250
297	0.223	0.245	0.208	1.250
298	0.223	0.245	0.167	1.250
299	0.223	0.244	0.135	1.250
300	0.223	0.244	0.156	1.250
301	0.223	0.244	0.208	1.250
302	0.223	0.244	0.188	1.250
303	0.223	0.243	0.052	1.250
304	0.223	0.243	0.198	1.250
305	0.223	0.243	0.167	1.250
306	0.223	0.242	0.156	1.250
307	0.223	0.242	0.146	1.250
308	0.223	0.242	0.156	1.250
309	0.223	0.242	0.208	1.250
310	0.224	0.241	0.115	1.251
311	0.224	0.241	0.083	1.251
312	0.224	0.240	0.125	1.251
313	0.224	0.240	0.219	1.251
314	0.224	0.240	0.177	1.251
315	0.224	0.240	0.219	1.251
316	0.224	0.240	0.156	1.251
317	0.224	0.239	0.104	1.251
318	0.224	0.239	0.156	1.251
319	0.224	0.239	0.125	1.251
320	0.224	0.238	0.146	1.251
321	0.224	0.238	0.115	1.251
322	0.224	0.238	0.115	1.251
323	0.224	0.238	0.198	1.251
324	0.224	0.237	0.229	1.251
325	0.224	0.237	0.146	1.252
326	0.224	0.237	0.125	1.252
327	0.224	0.237	0.229	1.252
328	0.224	0.237	0.260	1.252
329	0.225	0.237	0.146	1.252
330	0.225	0.237	0.271	1.252
331	0.225	0.237	0.260	1.252
332	0.225	0.237	0.167	1.252
333	0.225	0.237	0.260	1.252
334	0.225	0.237	0.208	1.252
335	0.225	0.237	0.302	1.252
336	0.225	0.237	0.198	1.252
337	0.225	0.237	0.188	1.252
338	0.225	0.236	0.125	1.252
339	0.225	0.236	0.156	1.252
340	0.225	0.236	0.177	1.252
341	0.225	0.236	0.188	1.252
