train_index	loss	acc	batch_acc	perp
1	2.889	0.069	0.069	17.983
2	2.874	0.062	0.056	17.716
3	2.861	0.058	0.050	17.474
4	2.833	0.073	0.119	16.999
5	2.953	0.076	0.087	19.170
6	2.927	0.078	0.087	18.670
7	2.904	0.079	0.087	18.242
8	2.890	0.078	0.069	17.998
9	2.878	0.081	0.106	17.781
10	2.869	0.080	0.069	17.620
11	2.862	0.082	0.100	17.496
12	2.858	0.082	0.081	17.432
13	2.851	0.081	0.069	17.309
14	2.845	0.080	0.069	17.197
15	2.838	0.080	0.075	17.081
16	2.833	0.080	0.087	16.996
17	2.828	0.082	0.112	16.909
18	2.825	0.082	0.087	16.864
19	2.818	0.083	0.094	16.752
20	2.816	0.082	0.056	16.717
21	2.812	0.082	0.081	16.644
22	2.806	0.084	0.125	16.549
23	2.803	0.084	0.087	16.498
24	2.801	0.085	0.112	16.459
25	2.796	0.086	0.106	16.374
26	2.788	0.088	0.144	16.257
27	2.783	0.089	0.112	16.169
28	2.780	0.090	0.125	16.113
29	2.773	0.093	0.162	16.002
30	2.773	0.092	0.081	16.013
31	2.776	0.091	0.050	16.061
32	2.772	0.093	0.169	15.984
33	2.771	0.095	0.131	15.968
34	2.766	0.096	0.138	15.893
35	2.767	0.095	0.075	15.909
36	2.765	0.095	0.081	15.885
37	2.763	0.095	0.087	15.849
38	2.764	0.095	0.100	15.857
39	2.761	0.096	0.138	15.817
40	2.760	0.096	0.112	15.801
41	2.760	0.096	0.087	15.805
42	2.759	0.097	0.138	15.792
43	2.758	0.098	0.144	15.774
44	2.758	0.098	0.100	15.770
45	2.758	0.097	0.062	15.764
46	2.757	0.097	0.094	15.746
47	2.756	0.097	0.081	15.744
48	2.756	0.097	0.106	15.734
49	2.756	0.097	0.081	15.737
50	2.755	0.097	0.100	15.719
51	2.753	0.098	0.169	15.693
52	2.752	0.098	0.100	15.669
53	2.751	0.099	0.144	15.654
54	2.750	0.100	0.119	15.639
55	2.748	0.101	0.188	15.613
56	2.747	0.102	0.125	15.597
57	2.746	0.101	0.075	15.587
58	2.745	0.102	0.144	15.567
59	2.744	0.102	0.100	15.555
60	2.743	0.102	0.112	15.540
61	2.743	0.102	0.094	15.530
62	2.742	0.102	0.081	15.513
63	2.740	0.102	0.144	15.490
64	2.739	0.102	0.100	15.475
65	2.738	0.102	0.112	15.450
66	2.737	0.103	0.119	15.438
67	2.737	0.103	0.112	15.436
68	2.735	0.103	0.125	15.403
69	2.733	0.103	0.131	15.379
70	2.732	0.103	0.087	15.367
71	2.731	0.104	0.131	15.347
72	2.731	0.103	0.087	15.342
73	2.730	0.104	0.119	15.326
74	2.727	0.104	0.131	15.295
75	2.727	0.104	0.106	15.285
76	2.726	0.104	0.138	15.272
77	2.725	0.105	0.144	15.259
78	2.724	0.106	0.150	15.247
79	2.724	0.106	0.156	15.238
80	2.723	0.106	0.106	15.224
81	2.722	0.105	0.044	15.206
82	2.721	0.105	0.087	15.201
83	2.721	0.106	0.138	15.196
84	2.720	0.106	0.150	15.179
85	2.720	0.106	0.094	15.181
86	2.719	0.106	0.144	15.167
87	2.719	0.106	0.081	15.166
88	2.719	0.106	0.131	15.166
89	2.719	0.107	0.156	15.158
90	2.718	0.108	0.175	15.145
91	2.717	0.108	0.150	15.139
92	2.717	0.108	0.081	15.133
93	2.716	0.108	0.150	15.118
94	2.715	0.108	0.106	15.109
95	2.715	0.108	0.081	15.106
96	2.715	0.108	0.087	15.105
97	2.714	0.108	0.112	15.089
98	2.714	0.108	0.081	15.091
99	2.713	0.108	0.162	15.073
100	2.712	0.108	0.131	15.064
101	2.712	0.109	0.144	15.056
102	2.711	0.109	0.131	15.042
103	2.711	0.109	0.100	15.048
104	2.711	0.109	0.131	15.044
105	2.711	0.109	0.087	15.045
106	2.711	0.109	0.087	15.044
107	2.710	0.109	0.188	15.028
108	2.709	0.110	0.125	15.022
109	2.709	0.110	0.106	15.013
110	2.709	0.109	0.106	15.007
111	2.708	0.110	0.138	15.002
112	2.708	0.110	0.094	14.997
113	2.708	0.110	0.100	14.993
114	2.707	0.110	0.125	14.987
115	2.707	0.110	0.112	14.982
116	2.706	0.110	0.169	14.967
117	2.704	0.111	0.250	14.946
118	2.703	0.112	0.219	14.926
119	2.703	0.113	0.169	14.921
120	2.703	0.113	0.112	14.920
121	2.702	0.113	0.156	14.908
122	2.702	0.113	0.106	14.910
123	2.702	0.113	0.094	14.907
124	2.702	0.113	0.112	14.904
125	2.701	0.113	0.150	14.891
126	2.700	0.114	0.181	14.877
127	2.699	0.114	0.144	14.861
128	2.698	0.114	0.156	14.853
129	2.697	0.114	0.138	14.839
130	2.696	0.115	0.188	14.815
131	2.695	0.115	0.119	14.808
132	2.694	0.115	0.100	14.798
133	2.694	0.116	0.188	14.791
134	2.693	0.116	0.181	14.771
135	2.692	0.116	0.162	14.763
136	2.692	0.116	0.125	14.756
137	2.691	0.116	0.112	14.750
138	2.691	0.116	0.112	14.741
139	2.690	0.117	0.162	14.729
140	2.689	0.117	0.131	14.724
141	2.689	0.117	0.138	14.714
142	2.688	0.117	0.181	14.708
143	2.688	0.117	0.075	14.703
144	2.687	0.117	0.144	14.685
145	2.686	0.118	0.156	14.677
146	2.686	0.118	0.138	14.673
147	2.686	0.118	0.144	14.666
148	2.684	0.118	0.175	14.648
149	2.684	0.118	0.138	14.643
150	2.684	0.119	0.144	14.639
151	2.683	0.119	0.169	14.628
152	2.683	0.119	0.144	14.622
153	2.682	0.119	0.131	14.617
154	2.681	0.119	0.169	14.604
155	2.681	0.119	0.119	14.599
156	2.681	0.120	0.144	14.595
157	2.680	0.120	0.150	14.590
158	2.680	0.120	0.094	14.586
159	2.679	0.120	0.181	14.575
160	2.679	0.120	0.156	14.567
161	2.678	0.120	0.138	14.557
162	2.677	0.121	0.169	14.543
163	2.677	0.120	0.075	14.536
164	2.676	0.121	0.144	14.526
165	2.675	0.120	0.119	14.519
166	2.675	0.121	0.156	14.508
167	2.674	0.121	0.100	14.505
168	2.674	0.121	0.144	14.498
169	2.674	0.121	0.169	14.497
170	2.674	0.121	0.131	14.491
171	2.673	0.121	0.148	14.486
test_index	loss	acc	batch_acc	perp
1	2.502	0.156	0.156	12.212
2	2.572	0.128	0.100	13.093
3	2.602	0.123	0.112	13.496
4	2.596	0.131	0.156	13.409
5	2.588	0.140	0.175	13.303
6	2.579	0.149	0.194	13.182
7	2.581	0.144	0.112	13.206
8	2.583	0.145	0.156	13.240
9	2.580	0.146	0.150	13.193
10	2.589	0.142	0.112	13.315
11	2.594	0.140	0.112	13.382
12	2.587	0.141	0.156	13.294
13	2.580	0.147	0.219	13.200
14	2.578	0.150	0.188	13.171
15	2.577	0.150	0.144	13.162
16	2.577	0.148	0.119	13.160
17	2.576	0.149	0.175	13.148
18	2.574	0.152	0.206	13.117
19	2.575	0.151	0.125	13.126
20	2.574	0.150	0.138	13.119
21	2.572	0.150	0.150	13.095
22	2.573	0.152	0.181	13.110
23	2.574	0.151	0.125	13.113
24	2.576	0.148	0.081	13.143
25	2.575	0.148	0.150	13.135
26	2.576	0.147	0.138	13.140
27	2.574	0.147	0.144	13.117
28	2.571	0.148	0.156	13.074
29	2.569	0.148	0.162	13.059
30	2.569	0.147	0.119	13.056
31	2.570	0.147	0.150	13.061
32	2.570	0.148	0.169	13.060
33	2.570	0.148	0.169	13.060
34	2.568	0.149	0.156	13.039
