train_index	loss	acc	batch_acc	perp
1	2.891	0.000	0.000	18.014
2	2.867	0.048	0.096	17.583
3	2.834	0.075	0.128	17.020
4	2.841	0.078	0.088	17.125
5	2.831	0.076	0.066	16.960
6	2.818	0.077	0.084	16.748
7	2.812	0.078	0.081	16.644
8	2.807	0.080	0.100	16.556
9	2.805	0.080	0.075	16.523
10	2.801	0.080	0.079	16.469
11	2.797	0.081	0.091	16.390
12	2.794	0.081	0.086	16.341
13	2.789	0.082	0.099	16.270
14	2.786	0.083	0.092	16.220
15	2.784	0.084	0.092	16.179
16	2.780	0.085	0.103	16.125
17	2.779	0.084	0.072	16.099
18	2.777	0.084	0.089	16.067
19	2.776	0.084	0.075	16.060
20	2.775	0.083	0.063	16.032
21	2.774	0.083	0.078	16.027
22	2.773	0.083	0.089	16.008
23	2.772	0.082	0.072	15.996
24	2.770	0.084	0.109	15.962
25	2.770	0.083	0.065	15.953
26	2.769	0.083	0.093	15.937
27	2.768	0.084	0.100	15.921
28	2.766	0.085	0.111	15.900
29	2.765	0.085	0.078	15.878
30	2.764	0.085	0.100	15.863
31	2.763	0.085	0.092	15.853
32	2.763	0.085	0.089	15.847
33	2.762	0.085	0.081	15.830
34	2.761	0.086	0.094	15.813
35	2.761	0.085	0.066	15.811
36	2.760	0.085	0.081	15.792
37	2.759	0.084	0.064	15.790
38	2.758	0.084	0.069	15.775
39	2.759	0.084	0.079	15.781
40	2.758	0.084	0.086	15.771
41	2.758	0.084	0.078	15.764
42	2.757	0.084	0.096	15.755
43	2.756	0.084	0.084	15.742
44	2.756	0.084	0.088	15.732
45	2.755	0.084	0.085	15.721
46	2.754	0.085	0.104	15.708
47	2.754	0.085	0.099	15.704
48	2.754	0.085	0.089	15.700
49	2.753	0.085	0.081	15.693
50	2.753	0.085	0.107	15.688
51	2.752	0.085	0.085	15.681
52	2.752	0.085	0.088	15.672
53	2.752	0.085	0.075	15.668
54	2.752	0.085	0.072	15.667
55	2.751	0.085	0.089	15.660
56	2.751	0.085	0.096	15.653
57	2.750	0.085	0.089	15.644
58	2.749	0.086	0.110	15.631
59	2.749	0.086	0.074	15.626
60	2.749	0.085	0.081	15.622
61	2.748	0.086	0.093	15.618
62	2.748	0.086	0.091	15.608
63	2.748	0.085	0.059	15.612
64	2.748	0.085	0.089	15.612
65	2.748	0.085	0.089	15.605
66	2.747	0.086	0.101	15.598
67	2.747	0.085	0.080	15.598
68	2.747	0.086	0.100	15.589
69	2.746	0.085	0.069	15.584
70	2.746	0.085	0.082	15.582
71	2.746	0.085	0.092	15.578
72	2.746	0.086	0.092	15.576
73	2.746	0.086	0.090	15.573
74	2.745	0.086	0.080	15.571
75	2.746	0.086	0.087	15.573
76	2.745	0.086	0.100	15.567
77	2.745	0.086	0.096	15.563
78	2.745	0.086	0.094	15.562
79	2.744	0.086	0.089	15.556
80	2.744	0.086	0.080	15.556
81	2.744	0.086	0.079	15.554
82	2.744	0.086	0.063	15.552
83	2.744	0.086	0.091	15.550
84	2.744	0.086	0.095	15.545
85	2.744	0.086	0.098	15.543
86	2.743	0.086	0.075	15.541
87	2.743	0.086	0.079	15.540
88	2.743	0.086	0.083	15.539
89	2.743	0.086	0.075	15.537
90	2.743	0.086	0.086	15.535
91	2.743	0.086	0.089	15.530
92	2.743	0.086	0.095	15.527
93	2.742	0.086	0.095	15.524
94	2.742	0.086	0.079	15.521
95	2.742	0.086	0.104	15.514
96	2.741	0.086	0.121	15.509
97	2.741	0.086	0.089	15.500
98	2.741	0.086	0.085	15.501
99	2.741	0.087	0.111	15.498
100	2.740	0.087	0.104	15.492
101	2.740	0.087	0.073	15.486
102	2.740	0.086	0.078	15.482
103	2.739	0.086	0.080	15.479
104	2.739	0.087	0.097	15.476
105	2.739	0.087	0.090	15.478
106	2.739	0.086	0.078	15.475
107	2.739	0.087	0.107	15.469
108	2.738	0.087	0.110	15.464
109	2.738	0.087	0.104	15.463
110	2.738	0.087	0.094	15.458
111	2.738	0.087	0.100	15.457
112	2.738	0.087	0.077	15.461
113	2.738	0.087	0.094	15.458
114	2.738	0.087	0.075	15.460
115	2.738	0.087	0.094	15.457
116	2.738	0.087	0.098	15.452
117	2.737	0.087	0.109	15.448
118	2.737	0.087	0.095	15.446
119	2.737	0.088	0.098	15.446
120	2.737	0.088	0.128	15.439
121	2.737	0.088	0.089	15.439
122	2.737	0.088	0.104	15.438
123	2.737	0.088	0.090	15.435
124	2.737	0.088	0.072	15.434
125	2.736	0.088	0.106	15.429
126	2.736	0.088	0.098	15.426
127	2.736	0.088	0.083	15.427
128	2.736	0.088	0.090	15.427
129	2.736	0.088	0.100	15.424
130	2.736	0.088	0.102	15.420
131	2.735	0.089	0.130	15.416
132	2.735	0.089	0.083	15.414
133	2.735	0.089	0.108	15.409
134	2.735	0.089	0.105	15.406
135	2.735	0.089	0.082	15.406
136	2.734	0.089	0.107	15.401
137	2.734	0.089	0.100	15.395
138	2.734	0.089	0.071	15.396
139	2.734	0.089	0.114	15.394
140	2.734	0.089	0.115	15.388
141	2.733	0.089	0.117	15.386
142	2.733	0.090	0.107	15.382
143	2.733	0.090	0.087	15.380
144	2.733	0.090	0.104	15.377
145	2.733	0.090	0.098	15.376
146	2.733	0.090	0.124	15.375
147	2.732	0.090	0.117	15.371
148	2.732	0.090	0.075	15.371
149	2.732	0.090	0.097	15.371
150	2.732	0.090	0.107	15.369
151	2.732	0.090	0.109	15.365
152	2.732	0.090	0.097	15.360
153	2.732	0.090	0.092	15.361
154	2.732	0.090	0.082	15.362
155	2.732	0.090	0.096	15.358
156	2.731	0.090	0.107	15.355
157	2.731	0.091	0.101	15.353
158	2.731	0.091	0.110	15.352
159	2.731	0.091	0.104	15.348
160	2.731	0.091	0.084	15.348
161	2.731	0.091	0.106	15.346
162	2.731	0.091	0.126	15.342
163	2.731	0.091	0.109	15.341
164	2.730	0.091	0.098	15.335
165	2.730	0.091	0.103	15.335
166	2.730	0.091	0.096	15.333
167	2.730	0.092	0.130	15.328
168	2.729	0.092	0.105	15.323
169	2.729	0.092	0.135	15.317
170	2.729	0.092	0.104	15.314
171	2.729	0.092	0.110	15.313
1	2.720	0.103	0.103	15.177
2	2.719	0.101	0.099	15.167
3	2.716	0.098	0.092	15.124
4	2.712	0.098	0.098	15.057
5	2.715	0.093	0.076	15.107
6	2.707	0.097	0.112	14.978
7	2.708	0.097	0.102	14.992
8	2.708	0.095	0.083	14.997
9	2.708	0.096	0.100	14.992
10	2.704	0.096	0.092	14.946
11	2.703	0.095	0.091	14.930
12	2.702	0.098	0.128	14.914
13	2.704	0.099	0.110	14.940
14	2.706	0.098	0.095	14.969
15	2.705	0.098	0.086	14.961
16	2.703	0.099	0.117	14.927
17	2.702	0.100	0.120	14.915
18	2.702	0.100	0.101	14.910
19	2.704	0.100	0.104	14.940
20	2.704	0.101	0.109	14.934
21	2.703	0.100	0.077	14.926
22	2.704	0.100	0.098	14.932
23	2.705	0.099	0.082	14.959
24	2.706	0.099	0.106	14.973
25	2.707	0.099	0.091	14.981
26	2.707	0.098	0.086	14.991
27	2.706	0.099	0.109	14.974
28	2.706	0.099	0.098	14.974
29	2.706	0.099	0.108	14.968
30	2.706	0.099	0.095	14.975
31	2.707	0.098	0.082	14.978
32	2.706	0.098	0.103	14.976
33	2.706	0.098	0.091	14.974
34	2.707	0.098	0.084	14.977
35	2.706	0.098	0.090	14.976
36	2.707	0.097	0.086	14.986
37	2.707	0.098	0.116	14.977
38	2.706	0.097	0.085	14.976
39	2.706	0.098	0.110	14.967
40	2.706	0.098	0.099	14.964
41	2.705	0.098	0.100	14.961
42	2.706	0.098	0.095	14.963
43	2.704	0.098	0.128	14.946
44	2.704	0.099	0.117	14.943
45	2.705	0.099	0.091	14.947
46	2.704	0.099	0.111	14.944
47	2.705	0.099	0.107	14.947
48	2.705	0.099	0.100	14.959
49	2.706	0.099	0.087	14.970
50	2.706	0.099	0.110	14.969
51	2.706	0.099	0.089	14.974
52	2.706	0.099	0.100	14.970
53	2.706	0.099	0.090	14.970
54	2.707	0.099	0.089	14.979
55	2.706	0.099	0.102	14.976
56	2.706	0.099	0.096	14.977
57	2.706	0.099	0.095	14.976
58	2.706	0.098	0.082	14.970
59	2.706	0.099	0.116	14.970
60	2.705	0.099	0.119	14.962
61	2.705	0.099	0.099	14.960
62	2.705	0.099	0.092	14.961
63	2.705	0.099	0.099	14.958
64	2.705	0.099	0.084	14.956
65	2.705	0.098	0.090	14.961
66	2.706	0.098	0.069	14.966
67	2.706	0.098	0.098	14.964
68	2.706	0.098	0.109	14.963
69	2.705	0.098	0.096	14.962
70	2.705	0.098	0.110	14.956
71	2.705	0.099	0.115	14.952
72	2.704	0.099	0.125	14.943
73	2.704	0.099	0.100	14.943
74	2.704	0.099	0.109	14.938
75	2.704	0.099	0.099	14.935
76	2.704	0.099	0.108	14.940
77	2.704	0.099	0.080	14.943
78	2.704	0.099	0.107	14.941
79	2.704	0.099	0.106	14.937
80	2.704	0.099	0.093	14.938
81	2.704	0.099	0.099	14.935
82	2.703	0.099	0.138	14.926
83	2.703	0.099	0.099	14.927
84	2.703	0.099	0.099	14.929
85	2.703	0.099	0.091	14.926
86	2.703	0.099	0.098	14.925
87	2.703	0.099	0.107	14.924
88	2.703	0.100	0.114	14.924
89	2.703	0.100	0.097	14.921
90	2.702	0.100	0.111	14.916
91	2.702	0.100	0.131	14.909
92	2.702	0.100	0.095	14.908
93	2.702	0.100	0.102	14.904
94	2.702	0.100	0.089	14.909
95	2.702	0.100	0.114	14.912
96	2.702	0.100	0.092	14.915
97	2.702	0.100	0.101	14.910
98	2.702	0.100	0.083	14.914
99	2.702	0.100	0.090	14.913
100	2.702	0.100	0.099	14.916
101	2.702	0.100	0.118	14.913
102	2.702	0.100	0.132	14.913
103	2.702	0.100	0.103	14.913
104	2.702	0.100	0.096	14.914
105	2.702	0.100	0.089	14.915
106	2.703	0.100	0.091	14.918
107	2.703	0.100	0.076	14.919
108	2.702	0.100	0.124	14.917
109	2.702	0.100	0.111	14.916
110	2.702	0.100	0.118	14.912
111	2.702	0.100	0.107	14.915
112	2.702	0.100	0.095	14.913
113	2.702	0.100	0.112	14.910
114	2.702	0.100	0.106	14.907
115	2.702	0.101	0.123	14.903
116	2.701	0.101	0.106	14.900
117	2.701	0.101	0.102	14.898
118	2.701	0.101	0.116	14.899
119	2.702	0.101	0.092	14.903
120	2.701	0.101	0.109	14.899
121	2.701	0.101	0.130	14.898
122	2.701	0.101	0.115	14.897
123	2.701	0.101	0.095	14.894
124	2.701	0.101	0.103	14.892
125	2.701	0.101	0.105	14.891
126	2.701	0.101	0.129	14.889
127	2.700	0.101	0.118	14.887
128	2.701	0.101	0.102	14.888
129	2.700	0.102	0.124	14.884
130	2.700	0.102	0.106	14.883
131	2.700	0.102	0.127	14.879
132	2.700	0.102	0.107	14.878
133	2.700	0.102	0.126	14.873
134	2.700	0.102	0.098	14.875
135	2.699	0.102	0.117	14.872
136	2.700	0.102	0.132	14.873
137	2.699	0.102	0.104	14.870
138	2.699	0.102	0.104	14.869
139	2.699	0.102	0.104	14.871
140	2.699	0.103	0.122	14.867
141	2.699	0.103	0.119	14.866
142	2.699	0.103	0.096	14.868
143	2.699	0.103	0.113	14.866
144	2.699	0.103	0.102	14.866
145	2.699	0.103	0.084	14.868
146	2.699	0.103	0.126	14.866
147	2.699	0.103	0.107	14.863
148	2.699	0.103	0.129	14.860
149	2.698	0.103	0.137	14.854
150	2.698	0.103	0.085	14.856
151	2.699	0.103	0.079	14.860
152	2.699	0.103	0.108	14.860
153	2.698	0.103	0.132	14.856
154	2.698	0.103	0.104	14.855
155	2.698	0.103	0.104	14.852
156	2.698	0.103	0.101	14.850
157	2.698	0.103	0.110	14.847
158	2.698	0.103	0.107	14.846
159	2.698	0.103	0.097	14.847
160	2.698	0.103	0.101	14.846
161	2.697	0.103	0.119	14.841
162	2.697	0.103	0.118	14.838
163	2.697	0.103	0.106	14.834
164	2.697	0.103	0.120	14.831
165	2.696	0.103	0.105	14.827
166	2.696	0.104	0.131	14.824
167	2.696	0.104	0.138	14.821
168	2.696	0.104	0.096	14.821
169	2.696	0.104	0.116	14.819
170	2.696	0.104	0.098	14.818
171	2.696	0.104	0.075	14.819
1	2.685	0.106	0.106	14.660
2	2.688	0.103	0.100	14.709
3	2.681	0.100	0.093	14.596
4	2.674	0.104	0.118	14.504
5	2.677	0.102	0.092	14.543
6	2.683	0.101	0.100	14.625
7	2.679	0.106	0.133	14.571
8	2.683	0.104	0.092	14.635
9	2.680	0.107	0.129	14.591
10	2.681	0.106	0.102	14.594
11	2.679	0.106	0.104	14.569
12	2.678	0.105	0.088	14.554
13	2.680	0.105	0.109	14.580
14	2.682	0.105	0.102	14.609
15	2.683	0.105	0.104	14.629
16	2.681	0.106	0.123	14.604
17	2.680	0.107	0.123	14.590
18	2.679	0.108	0.126	14.576
19	2.678	0.109	0.127	14.558
20	2.677	0.109	0.118	14.537
21	2.676	0.110	0.128	14.529
22	2.676	0.111	0.128	14.522
23	2.674	0.111	0.106	14.501
24	2.675	0.110	0.101	14.516
25	2.676	0.110	0.106	14.529
26	2.676	0.110	0.111	14.520
27	2.676	0.111	0.126	14.523
28	2.675	0.112	0.135	14.505
29	2.674	0.112	0.114	14.504
30	2.674	0.112	0.104	14.495
31	2.674	0.111	0.094	14.505
32	2.674	0.111	0.105	14.503
33	2.674	0.111	0.105	14.498
34	2.673	0.111	0.107	14.481
35	2.672	0.111	0.108	14.475
36	2.674	0.110	0.095	14.499
37	2.674	0.110	0.105	14.496
38	2.675	0.109	0.089	14.509
39	2.675	0.110	0.124	14.507
40	2.674	0.110	0.100	14.501
41	2.673	0.110	0.117	14.488
42	2.674	0.109	0.095	14.494
43	2.674	0.109	0.104	14.496
44	2.674	0.109	0.088	14.500
45	2.675	0.108	0.095	14.516
46	2.676	0.109	0.116	14.520
47	2.676	0.108	0.092	14.523
48	2.676	0.108	0.097	14.524
49	2.676	0.108	0.094	14.521
50	2.676	0.108	0.102	14.526
51	2.676	0.108	0.105	14.522
52	2.676	0.107	0.090	14.522
53	2.676	0.107	0.097	14.523
54	2.676	0.107	0.102	14.528
55	2.676	0.107	0.128	14.525
56	2.676	0.108	0.121	14.521
57	2.675	0.108	0.119	14.518
58	2.675	0.108	0.119	14.513
59	2.675	0.108	0.096	14.514
60	2.675	0.108	0.110	14.513
61	2.674	0.108	0.134	14.504
62	2.674	0.108	0.119	14.497
63	2.674	0.108	0.109	14.494
64	2.674	0.108	0.099	14.493
65	2.673	0.108	0.108	14.488
66	2.673	0.108	0.099	14.486
67	2.674	0.108	0.090	14.493
68	2.673	0.108	0.111	14.486
69	2.673	0.108	0.112	14.480
70	2.673	0.108	0.101	14.479
71	2.672	0.108	0.120	14.476
72	2.673	0.108	0.104	14.477
73	2.673	0.108	0.115	14.477
74	2.673	0.108	0.104	14.478
75	2.673	0.108	0.114	14.482
76	2.673	0.108	0.105	14.487
77	2.673	0.108	0.127	14.481
78	2.673	0.108	0.104	14.484
79	2.673	0.108	0.105	14.485
80	2.673	0.108	0.114	14.483
81	2.673	0.109	0.127	14.483
82	2.673	0.108	0.093	14.484
83	2.673	0.108	0.111	14.483
84	2.673	0.108	0.101	14.488
85	2.673	0.109	0.141	14.482
86	2.673	0.109	0.116	14.480
87	2.673	0.109	0.113	14.477
88	2.672	0.109	0.104	14.475
89	2.673	0.109	0.097	14.479
90	2.673	0.109	0.109	14.481
91	2.673	0.109	0.113	14.479
92	2.673	0.109	0.118	14.478
93	2.673	0.109	0.100	14.477
94	2.672	0.109	0.116	14.471
95	2.672	0.109	0.092	14.471
96	2.672	0.109	0.132	14.462
97	2.671	0.109	0.127	14.461
98	2.671	0.109	0.113	14.461
99	2.672	0.109	0.109	14.464
100	2.672	0.109	0.109	14.465
101	2.672	0.109	0.108	14.466
102	2.672	0.109	0.100	14.464
103	2.671	0.109	0.123	14.460
104	2.671	0.109	0.129	14.455
105	2.671	0.109	0.094	14.454
106	2.671	0.109	0.104	14.454
107	2.671	0.109	0.095	14.458
108	2.671	0.109	0.088	14.454
109	2.671	0.109	0.101	14.454
110	2.671	0.109	0.124	14.454
111	2.671	0.109	0.132	14.451
112	2.671	0.109	0.108	14.448
113	2.671	0.109	0.094	14.449
114	2.671	0.109	0.086	14.452
115	2.671	0.109	0.100	14.454
116	2.671	0.109	0.099	14.452
117	2.671	0.108	0.104	14.451
118	2.671	0.109	0.130	14.448
119	2.670	0.109	0.102	14.447
120	2.670	0.109	0.105	14.445
121	2.670	0.109	0.118	14.444
122	2.670	0.109	0.110	14.443
123	2.670	0.109	0.106	14.445
124	2.670	0.109	0.117	14.444
125	2.670	0.109	0.110	14.440
126	2.670	0.108	0.075	14.443
127	2.670	0.109	0.126	14.441
128	2.670	0.109	0.126	14.441
129	2.670	0.109	0.115	14.439
130	2.670	0.109	0.122	14.433
131	2.670	0.109	0.112	14.434
132	2.669	0.109	0.127	14.429
133	2.669	0.109	0.108	14.430
134	2.669	0.109	0.108	14.431
135	2.669	0.109	0.138	14.429
136	2.669	0.109	0.111	14.428
137	2.669	0.109	0.103	14.430
138	2.669	0.109	0.098	14.430
139	2.669	0.109	0.098	14.432
140	2.670	0.109	0.090	14.437
141	2.670	0.109	0.128	14.437
142	2.670	0.109	0.121	14.433
143	2.670	0.109	0.103	14.433
144	2.670	0.109	0.106	14.437
145	2.670	0.109	0.097	14.437
146	2.670	0.109	0.096	14.437
147	2.670	0.109	0.099	14.440
148	2.670	0.109	0.107	14.439
149	2.670	0.109	0.098	14.439
150	2.670	0.109	0.103	14.438
151	2.670	0.109	0.086	14.438
152	2.670	0.109	0.104	14.439
153	2.670	0.109	0.112	14.440
154	2.670	0.109	0.107	14.440
155	2.670	0.109	0.110	14.440
156	2.670	0.109	0.115	14.439
157	2.670	0.109	0.123	14.438
158	2.670	0.109	0.109	14.438
159	2.670	0.109	0.103	14.439
160	2.670	0.109	0.119	14.434
161	2.670	0.109	0.110	14.435
162	2.670	0.109	0.113	14.433
163	2.670	0.109	0.115	14.434
164	2.669	0.109	0.124	14.431
165	2.669	0.109	0.114	14.431
166	2.669	0.109	0.136	14.428
167	2.669	0.109	0.116	14.428
168	2.669	0.109	0.107	14.429
169	2.669	0.109	0.119	14.426
170	2.669	0.109	0.098	14.427
171	2.669	0.109	0.130	14.425
test_index	loss	acc	batch_acc	perp
1	2.530	0.288	0.288	12.548
2	2.547	0.259	0.230	12.771
3	2.587	0.210	0.111	13.292
4	2.607	0.188	0.124	13.558
5	2.621	0.168	0.085	13.750
6	2.634	0.157	0.103	13.929
7	2.642	0.150	0.105	14.040
8	2.646	0.144	0.103	14.100
9	2.647	0.140	0.113	14.111
10	2.650	0.137	0.103	14.155
11	2.651	0.135	0.120	14.169
12	2.652	0.132	0.102	14.182
13	2.652	0.131	0.111	14.181
14	2.656	0.127	0.084	14.241
15	2.658	0.125	0.094	14.268
16	2.658	0.126	0.136	14.269
17	2.657	0.125	0.108	14.259
18	2.658	0.124	0.109	14.264
19	2.660	0.122	0.091	14.290
20	2.659	0.123	0.133	14.285
21	2.660	0.121	0.096	14.297
22	2.660	0.121	0.119	14.297
23	2.660	0.121	0.107	14.302
24	2.662	0.119	0.081	14.320
25	2.665	0.118	0.100	14.368
26	2.666	0.117	0.082	14.381
27	2.666	0.116	0.082	14.386
28	2.665	0.116	0.141	14.367
29	2.663	0.118	0.159	14.338
30	2.663	0.117	0.103	14.336
31	2.662	0.117	0.115	14.330
32	2.662	0.118	0.131	14.321
33	2.663	0.117	0.091	14.345
34	2.662	0.117	0.132	14.322
35	2.662	0.117	0.110	14.320
36	2.662	0.117	0.106	14.330
37	2.663	0.117	0.111	14.333
38	2.662	0.117	0.122	14.322
39	2.663	0.116	0.098	14.334
40	2.662	0.117	0.121	14.330
41	2.662	0.117	0.124	14.318
42	2.662	0.116	0.101	14.330
43	2.663	0.116	0.104	14.341
44	2.662	0.116	0.131	14.326
45	2.663	0.116	0.110	14.336
46	2.663	0.116	0.104	14.346
47	2.662	0.116	0.128	14.324
48	2.662	0.116	0.105	14.328
49	2.663	0.116	0.095	14.338
50	2.662	0.116	0.130	14.318
51	2.661	0.116	0.139	14.307
52	2.662	0.116	0.091	14.327
53	2.662	0.116	0.108	14.325
54	2.661	0.116	0.129	14.310
55	2.661	0.116	0.099	14.310
56	2.662	0.115	0.108	14.320
57	2.661	0.115	0.110	14.314
58	2.660	0.115	0.096	14.300
59	2.661	0.115	0.094	14.308
60	2.661	0.115	0.107	14.310
61	2.660	0.115	0.133	14.294
62	2.659	0.115	0.131	14.279
63	2.659	0.115	0.120	14.286
64	2.659	0.115	0.110	14.289
65	2.658	0.115	0.138	14.267
66	2.658	0.115	0.114	14.263
67	2.659	0.115	0.104	14.276
68	2.658	0.116	0.139	14.265
69	2.657	0.116	0.119	14.254
70	2.658	0.115	0.101	14.263
71	2.658	0.115	0.106	14.266
72	2.657	0.115	0.106	14.258
73	2.657	0.115	0.104	14.255
74	2.658	0.115	0.081	14.268
75	2.658	0.115	0.126	14.263
76	2.657	0.115	0.149	14.251
77	2.657	0.115	0.102	14.255
78	2.658	0.115	0.094	14.262
79	2.657	0.115	0.138	14.249
80	2.656	0.115	0.127	14.241
81	2.657	0.115	0.103	14.251
82	2.657	0.115	0.103	14.255
83	2.656	0.115	0.130	14.241
84	2.656	0.115	0.092	14.244
85	2.657	0.115	0.103	14.254
86	2.656	0.115	0.134	14.242
87	2.656	0.115	0.102	14.243
88	2.657	0.115	0.113	14.246
89	2.657	0.115	0.104	14.250
90	2.656	0.115	0.142	14.236
91	2.656	0.115	0.086	14.243
92	2.657	0.114	0.107	14.249
93	2.656	0.114	0.095	14.245
94	2.656	0.114	0.089	14.243
95	2.657	0.114	0.104	14.249
96	2.657	0.114	0.117	14.251
97	2.656	0.114	0.145	14.235
98	2.656	0.114	0.115	14.236
99	2.657	0.114	0.083	14.247
100	2.656	0.114	0.157	14.236
101	2.655	0.115	0.147	14.223
102	2.655	0.115	0.133	14.219
103	2.655	0.115	0.089	14.229
104	2.655	0.114	0.102	14.228
105	2.655	0.115	0.126	14.222
106	2.655	0.115	0.112	14.226
107	2.655	0.114	0.104	14.228
108	2.655	0.115	0.124	14.221
109	2.654	0.115	0.142	14.217
110	2.655	0.114	0.073	14.225
111	2.655	0.114	0.094	14.231
112	2.656	0.114	0.096	14.239
113	2.656	0.114	0.102	14.244
114	2.657	0.114	0.124	14.248
115	2.656	0.114	0.162	14.245
116	2.657	0.114	0.099	14.252
117	2.657	0.114	0.129	14.250
118	2.657	0.114	0.098	14.254
119	2.657	0.114	0.111	14.256
120	2.657	0.114	0.120	14.253
121	2.657	0.114	0.113	14.254
122	2.657	0.114	0.113	14.252
123	2.658	0.114	0.062	14.262
124	2.658	0.114	0.070	14.268
125	2.658	0.114	0.115	14.267
126	2.658	0.114	0.108	14.268
127	2.658	0.114	0.113	14.267
128	2.658	0.114	0.111	14.266
129	2.658	0.113	0.106	14.272
130	2.658	0.114	0.128	14.270
131	2.658	0.114	0.120	14.270
132	2.658	0.114	0.140	14.269
133	2.658	0.114	0.118	14.263
134	2.658	0.114	0.109	14.264
135	2.658	0.114	0.148	14.262
136	2.658	0.114	0.070	14.267
137	2.658	0.114	0.091	14.273
138	2.658	0.114	0.150	14.267
139	2.658	0.114	0.136	14.265
140	2.658	0.114	0.158	14.265
141	2.658	0.114	0.114	14.267
142	2.658	0.114	0.137	14.266
143	2.657	0.115	0.164	14.260
144	2.658	0.115	0.069	14.265
145	2.658	0.114	0.078	14.268
146	2.658	0.114	0.100	14.272
147	2.659	0.114	0.092	14.275
148	2.659	0.114	0.070	14.279
149	2.659	0.114	0.088	14.283
150	2.659	0.114	0.113	14.284
151	2.659	0.113	0.094	14.286
152	2.659	0.113	0.085	14.289
153	2.660	0.113	0.080	14.290
154	2.660	0.113	0.084	14.294
155	2.660	0.113	0.117	14.294
156	2.660	0.113	0.087	14.297
157	2.660	0.113	0.092	14.300
158	2.660	0.113	0.144	14.298
159	2.660	0.113	0.081	14.301
160	2.661	0.112	0.079	14.304
161	2.661	0.112	0.069	14.309
162	2.661	0.112	0.073	14.314
163	2.661	0.112	0.063	14.318
164	2.662	0.112	0.111	14.318
165	2.662	0.112	0.132	14.318
166	2.662	0.112	0.090	14.320
167	2.662	0.111	0.104	14.322
168	2.662	0.112	0.174	14.319
169	2.662	0.112	0.113	14.321
170	2.662	0.112	0.102	14.323
