train_index	loss	acc	batch_acc	perp
1	2.891	0.081	0.081	18.010
2	2.863	0.083	0.084	17.507
3	2.831	0.085	0.091	16.956
4	2.833	0.085	0.084	16.997
5	2.825	0.084	0.082	16.863
6	2.816	0.083	0.079	16.707
7	2.810	0.084	0.085	16.604
8	2.804	0.083	0.075	16.510
9	2.799	0.082	0.081	16.432
10	2.798	0.081	0.068	16.420
11	2.793	0.083	0.107	16.336
12	2.791	0.083	0.081	16.297
13	2.787	0.083	0.082	16.236
14	2.784	0.083	0.085	16.177
15	2.781	0.083	0.081	16.129
16	2.780	0.082	0.060	16.126
17	2.780	0.081	0.072	16.120
18	2.777	0.081	0.078	16.074
19	2.776	0.081	0.077	16.051
20	2.774	0.080	0.069	16.023
21	2.774	0.079	0.058	16.017
22	2.771	0.080	0.104	15.981
23	2.770	0.080	0.079	15.961
24	2.769	0.080	0.069	15.950
25	2.768	0.080	0.093	15.932
26	2.767	0.081	0.090	15.913
27	2.765	0.081	0.086	15.881
28	2.764	0.081	0.076	15.868
29	2.763	0.081	0.097	15.847
30	2.762	0.081	0.086	15.826
31	2.761	0.081	0.076	15.819
32	2.761	0.081	0.070	15.809
33	2.760	0.080	0.067	15.797
34	2.759	0.080	0.071	15.786
35	2.759	0.080	0.082	15.778
36	2.758	0.080	0.057	15.775
37	2.758	0.079	0.069	15.769
38	2.757	0.079	0.083	15.758
39	2.756	0.080	0.093	15.744
40	2.756	0.080	0.103	15.734
41	2.755	0.080	0.084	15.728
42	2.755	0.080	0.071	15.718
43	2.754	0.080	0.077	15.706
44	2.754	0.080	0.077	15.700
45	2.753	0.080	0.084	15.693
46	2.753	0.080	0.092	15.689
47	2.752	0.081	0.112	15.676
48	2.752	0.081	0.098	15.669
49	2.751	0.082	0.090	15.659
50	2.751	0.082	0.090	15.654
51	2.750	0.082	0.100	15.644
52	2.749	0.082	0.098	15.629
53	2.749	0.083	0.095	15.621
54	2.749	0.083	0.094	15.622
55	2.748	0.083	0.082	15.616
56	2.748	0.083	0.080	15.607
57	2.747	0.083	0.074	15.601
58	2.747	0.083	0.088	15.599
59	2.747	0.083	0.094	15.593
60	2.746	0.083	0.104	15.586
61	2.746	0.083	0.095	15.578
62	2.746	0.083	0.077	15.575
63	2.746	0.084	0.099	15.574
64	2.745	0.084	0.112	15.566
65	2.745	0.084	0.071	15.564
66	2.745	0.084	0.099	15.562
67	2.744	0.084	0.106	15.555
68	2.744	0.084	0.067	15.554
69	2.744	0.084	0.084	15.553
70	2.744	0.085	0.119	15.554
71	2.744	0.085	0.099	15.547
72	2.744	0.085	0.093	15.541
73	2.743	0.085	0.106	15.536
74	2.743	0.086	0.111	15.529
75	2.742	0.086	0.081	15.524
76	2.742	0.086	0.099	15.517
77	2.742	0.086	0.105	15.512
78	2.742	0.086	0.102	15.510
79	2.741	0.086	0.104	15.504
80	2.741	0.087	0.097	15.500
81	2.740	0.087	0.107	15.493
82	2.740	0.087	0.108	15.490
83	2.740	0.087	0.100	15.489
84	2.740	0.087	0.079	15.486
85	2.740	0.087	0.091	15.483
86	2.740	0.087	0.090	15.480
87	2.740	0.087	0.078	15.481
88	2.739	0.087	0.092	15.479
89	2.739	0.087	0.084	15.474
90	2.739	0.087	0.109	15.464
91	2.738	0.088	0.123	15.457
92	2.738	0.088	0.099	15.454
93	2.738	0.088	0.114	15.453
94	2.737	0.088	0.121	15.445
95	2.737	0.089	0.100	15.441
96	2.736	0.089	0.113	15.432
97	2.736	0.089	0.103	15.427
98	2.736	0.089	0.100	15.420
99	2.735	0.089	0.112	15.415
100	2.735	0.090	0.120	15.405
101	2.734	0.090	0.090	15.399
102	2.734	0.090	0.129	15.393
103	2.733	0.090	0.109	15.385
104	2.733	0.090	0.101	15.374
105	2.733	0.090	0.086	15.374
106	2.732	0.090	0.109	15.370
107	2.732	0.090	0.079	15.366
108	2.732	0.090	0.087	15.361
109	2.731	0.090	0.100	15.354
110	2.731	0.090	0.093	15.355
111	2.731	0.091	0.108	15.350
112	2.731	0.091	0.107	15.346
113	2.731	0.091	0.111	15.342
114	2.731	0.091	0.089	15.341
115	2.731	0.091	0.090	15.341
116	2.730	0.091	0.117	15.336
117	2.730	0.091	0.095	15.331
118	2.730	0.091	0.118	15.329
119	2.730	0.091	0.095	15.326
120	2.730	0.091	0.096	15.325
121	2.729	0.092	0.125	15.320
122	2.729	0.092	0.072	15.321
123	2.729	0.092	0.099	15.315
124	2.729	0.092	0.100	15.314
125	2.728	0.092	0.124	15.307
126	2.728	0.092	0.098	15.304
127	2.728	0.092	0.110	15.301
128	2.728	0.092	0.108	15.295
129	2.727	0.092	0.105	15.291
130	2.728	0.092	0.079	15.298
131	2.727	0.093	0.130	15.289
132	2.727	0.093	0.105	15.284
133	2.727	0.093	0.124	15.285
134	2.727	0.093	0.084	15.286
135	2.727	0.093	0.104	15.284
136	2.727	0.093	0.118	15.281
137	2.726	0.093	0.126	15.275
138	2.726	0.093	0.104	15.273
139	2.726	0.093	0.083	15.272
140	2.726	0.093	0.102	15.269
141	2.726	0.093	0.089	15.268
142	2.726	0.093	0.094	15.266
143	2.725	0.093	0.113	15.260
144	2.725	0.094	0.131	15.256
145	2.725	0.094	0.083	15.255
146	2.725	0.094	0.100	15.253
147	2.725	0.094	0.089	15.250
148	2.724	0.094	0.117	15.246
149	2.724	0.094	0.106	15.244
150	2.724	0.094	0.113	15.242
151	2.724	0.094	0.114	15.238
152	2.724	0.094	0.103	15.237
153	2.724	0.094	0.086	15.235
154	2.723	0.094	0.109	15.230
155	2.723	0.094	0.084	15.228
156	2.723	0.094	0.104	15.225
157	2.723	0.094	0.096	15.221
158	2.723	0.094	0.114	15.220
159	2.722	0.095	0.115	15.215
160	2.722	0.095	0.093	15.211
161	2.722	0.094	0.082	15.211
162	2.722	0.095	0.113	15.208
163	2.722	0.095	0.140	15.203
164	2.721	0.095	0.103	15.200
165	2.721	0.095	0.122	15.196
166	2.721	0.095	0.119	15.190
167	2.721	0.095	0.097	15.189
168	2.720	0.095	0.117	15.181
169	2.720	0.096	0.127	15.176
170	2.719	0.096	0.105	15.172
171	2.719	0.096	0.122	15.171
test_index	loss	acc	batch_acc	perp
1	2.744	0.097	0.097	15.542
2	2.738	0.102	0.107	15.462
3	2.758	0.097	0.088	15.763
4	2.755	0.099	0.104	15.721
5	2.747	0.104	0.123	15.591
6	2.741	0.109	0.133	15.501
7	2.739	0.107	0.097	15.472
8	2.740	0.106	0.099	15.485
9	2.743	0.103	0.076	15.529
10	2.743	0.102	0.101	15.526
11	2.742	0.103	0.105	15.525
12	2.740	0.106	0.141	15.485
13	2.738	0.108	0.136	15.449
14	2.736	0.107	0.092	15.426
15	2.735	0.104	0.066	15.403
16	2.733	0.102	0.067	15.379
17	2.732	0.100	0.067	15.365
18	2.731	0.100	0.106	15.352
19	2.728	0.101	0.113	15.302
20	2.731	0.100	0.091	15.352
21	2.729	0.101	0.117	15.318
22	2.730	0.101	0.093	15.339
23	2.730	0.100	0.090	15.335
24	2.728	0.101	0.113	15.309
25	2.726	0.101	0.103	15.278
26	2.727	0.100	0.079	15.280
27	2.727	0.099	0.078	15.290
28	2.722	0.100	0.111	15.214
29	2.719	0.100	0.098	15.171
30	2.716	0.101	0.131	15.127
31	2.716	0.101	0.096	15.123
32	2.715	0.100	0.089	15.108
33	2.714	0.100	0.102	15.084
34	2.713	0.100	0.104	15.068
