train_index	loss	acc	batch_acc	perp
1	2.893	0.021	0.021	18.040
2	2.876	0.062	0.104	17.749
3	2.871	0.052	0.031	17.657
4	2.862	0.065	0.104	17.492
5	2.856	0.067	0.073	17.385
6	2.844	0.075	0.115	17.190
7	2.836	0.074	0.073	17.046
8	2.836	0.073	0.062	17.046
9	2.822	0.079	0.125	16.818
10	2.816	0.080	0.094	16.715
11	2.810	0.080	0.083	16.615
12	2.802	0.081	0.083	16.484
13	2.799	0.083	0.115	16.434
14	2.796	0.086	0.125	16.383
15	2.793	0.085	0.073	16.327
16	2.797	0.084	0.062	16.399
17	2.791	0.081	0.042	16.304
18	2.791	0.082	0.083	16.303
19	2.788	0.086	0.167	16.244
20	2.786	0.087	0.115	16.214
21	2.783	0.086	0.062	16.167
22	2.783	0.088	0.125	16.159
23	2.780	0.087	0.073	16.115
24	2.780	0.086	0.052	16.123
25	2.776	0.085	0.073	16.061
26	2.773	0.087	0.135	16.000
27	2.769	0.088	0.115	15.941
28	2.767	0.091	0.156	15.916
29	2.764	0.093	0.156	15.867
30	2.764	0.094	0.135	15.856
31	2.761	0.094	0.083	15.816
32	2.758	0.094	0.094	15.769
33	2.757	0.094	0.104	15.755
34	2.757	0.094	0.083	15.757
35	2.756	0.094	0.104	15.732
36	2.755	0.095	0.104	15.728
37	2.755	0.094	0.083	15.721
38	2.755	0.094	0.094	15.723
39	2.752	0.097	0.198	15.673
40	2.750	0.098	0.125	15.646
41	2.749	0.098	0.104	15.624
42	2.748	0.098	0.094	15.609
43	2.746	0.098	0.094	15.580
44	2.745	0.097	0.083	15.570
45	2.744	0.097	0.104	15.543
46	2.742	0.099	0.167	15.525
47	2.741	0.099	0.083	15.495
48	2.737	0.100	0.167	15.439
49	2.735	0.101	0.135	15.408
50	2.734	0.100	0.062	15.400
51	2.733	0.101	0.146	15.385
52	2.731	0.103	0.198	15.348
53	2.731	0.104	0.146	15.342
54	2.729	0.104	0.125	15.322
55	2.728	0.104	0.094	15.301
56	2.727	0.105	0.177	15.283
57	2.727	0.105	0.115	15.281
58	2.725	0.106	0.156	15.252
59	2.722	0.107	0.177	15.216
60	2.721	0.109	0.177	15.199
61	2.722	0.108	0.094	15.206
62	2.721	0.108	0.104	15.197
63	2.720	0.108	0.115	15.175
64	2.719	0.109	0.125	15.161
65	2.717	0.109	0.115	15.134
66	2.717	0.108	0.094	15.128
67	2.716	0.108	0.083	15.118
68	2.715	0.108	0.135	15.111
69	2.714	0.108	0.104	15.090
70	2.714	0.108	0.115	15.088
71	2.713	0.108	0.104	15.081
72	2.712	0.109	0.156	15.064
73	2.711	0.108	0.062	15.047
74	2.710	0.109	0.146	15.033
75	2.708	0.110	0.167	15.006
76	2.708	0.110	0.125	15.002
77	2.706	0.111	0.198	14.971
78	2.704	0.112	0.156	14.934
79	2.702	0.112	0.115	14.915
80	2.702	0.111	0.083	14.910
81	2.699	0.113	0.260	14.862
82	2.698	0.113	0.135	14.844
83	2.697	0.114	0.167	14.828
84	2.696	0.115	0.188	14.815
85	2.695	0.115	0.115	14.809
86	2.695	0.115	0.156	14.809
87	2.696	0.115	0.052	14.813
88	2.695	0.115	0.125	14.800
89	2.693	0.115	0.156	14.781
90	2.691	0.116	0.135	14.750
91	2.690	0.116	0.156	14.729
92	2.688	0.117	0.177	14.709
93	2.687	0.116	0.083	14.692
94	2.685	0.117	0.156	14.656
95	2.684	0.117	0.115	14.651
96	2.683	0.117	0.156	14.636
97	2.682	0.117	0.115	14.609
98	2.681	0.117	0.115	14.596
99	2.679	0.118	0.219	14.573
100	2.678	0.118	0.125	14.555
101	2.677	0.118	0.104	14.535
102	2.674	0.119	0.198	14.501
103	2.673	0.119	0.167	14.481
104	2.671	0.119	0.146	14.459
105	2.670	0.120	0.125	14.447
106	2.669	0.120	0.188	14.421
107	2.667	0.120	0.125	14.397
108	2.665	0.121	0.219	14.369
109	2.663	0.122	0.198	14.338
110	2.661	0.122	0.146	14.314
111	2.661	0.122	0.125	14.308
112	2.659	0.123	0.188	14.282
113	2.657	0.123	0.135	14.257
114	2.656	0.123	0.167	14.233
115	2.654	0.124	0.177	14.212
116	2.652	0.124	0.188	14.186
117	2.650	0.124	0.135	14.158
118	2.648	0.124	0.146	14.130
119	2.647	0.125	0.135	14.117
120	2.646	0.125	0.146	14.091
121	2.643	0.126	0.250	14.061
122	2.642	0.126	0.188	14.035
123	2.640	0.127	0.208	14.008
124	2.637	0.128	0.198	13.977
125	2.637	0.128	0.156	13.965
126	2.635	0.128	0.208	13.940
127	2.633	0.129	0.260	13.913
128	2.631	0.130	0.219	13.886
129	2.628	0.131	0.229	13.846
130	2.626	0.131	0.198	13.816
131	2.624	0.132	0.167	13.786
132	2.622	0.132	0.188	13.758
133	2.621	0.132	0.177	13.753
134	2.620	0.132	0.104	13.736
135	2.619	0.133	0.188	13.718
136	2.617	0.133	0.146	13.699
137	2.616	0.133	0.135	13.678
138	2.614	0.133	0.229	13.651
139	2.613	0.133	0.083	13.638
140	2.611	0.134	0.271	13.606
141	2.609	0.134	0.125	13.586
142	2.608	0.134	0.188	13.565
143	2.606	0.135	0.156	13.547
144	2.604	0.135	0.156	13.520
145	2.603	0.135	0.177	13.503
146	2.602	0.135	0.167	13.489
147	2.600	0.135	0.135	13.469
148	2.599	0.135	0.156	13.447
149	2.597	0.136	0.250	13.417
150	2.595	0.136	0.177	13.398
151	2.594	0.136	0.135	13.384
152	2.592	0.136	0.115	13.362
153	2.591	0.136	0.115	13.339
154	2.589	0.136	0.177	13.318
155	2.588	0.136	0.115	13.302
156	2.586	0.137	0.188	13.280
157	2.585	0.137	0.208	13.259
158	2.583	0.137	0.188	13.240
159	2.581	0.138	0.208	13.214
160	2.580	0.138	0.198	13.202
161	2.579	0.139	0.208	13.186
162	2.578	0.139	0.135	13.165
163	2.576	0.139	0.177	13.145
164	2.575	0.139	0.188	13.125
165	2.573	0.139	0.188	13.104
166	2.571	0.140	0.208	13.081
167	2.570	0.140	0.177	13.063
168	2.569	0.140	0.104	13.050
169	2.567	0.140	0.219	13.023
170	2.566	0.141	0.198	13.009
171	2.565	0.141	0.173	12.995
test_index	loss	acc	batch_acc	perp
1	2.325	0.177	0.177	10.223
2	2.383	0.188	0.198	10.835
3	2.370	0.170	0.135	10.702
4	2.388	0.167	0.156	10.895
5	2.389	0.165	0.156	10.902
6	2.388	0.163	0.156	10.887
7	2.384	0.168	0.198	10.854
8	2.375	0.177	0.240	10.753
9	2.366	0.177	0.177	10.656
10	2.378	0.168	0.083	10.778
11	2.392	0.168	0.167	10.937
12	2.383	0.174	0.250	10.834
13	2.375	0.179	0.240	10.748
14	2.373	0.179	0.177	10.728
15	2.369	0.178	0.156	10.689
16	2.369	0.178	0.177	10.683
17	2.367	0.178	0.177	10.668
18	2.362	0.182	0.260	10.611
19	2.359	0.184	0.208	10.582
20	2.358	0.183	0.167	10.571
21	2.354	0.185	0.229	10.532
22	2.356	0.185	0.188	10.545
23	2.355	0.185	0.188	10.542
24	2.361	0.181	0.094	10.602
25	2.363	0.181	0.167	10.618
26	2.365	0.180	0.156	10.641
27	2.360	0.180	0.188	10.587
28	2.354	0.183	0.260	10.529
29	2.351	0.184	0.208	10.501
30	2.352	0.184	0.177	10.506
31	2.351	0.182	0.146	10.494
32	2.350	0.183	0.198	10.484
33	2.348	0.183	0.188	10.465
34	2.348	0.183	0.177	10.466
