train_index	loss	acc	batch_acc	perp
1	2.892	0.094	0.094	18.031
2	2.881	0.078	0.062	17.836
3	2.882	0.062	0.031	17.846
4	2.872	0.070	0.094	17.674
5	2.860	0.081	0.125	17.461
6	2.837	0.078	0.062	17.066
7	2.860	0.071	0.031	17.456
8	2.854	0.070	0.062	17.355
9	2.840	0.080	0.156	17.121
10	2.834	0.087	0.156	17.011
11	2.831	0.085	0.062	16.964
12	2.828	0.083	0.062	16.917
13	2.822	0.089	0.156	16.805
14	2.816	0.089	0.094	16.712
15	2.815	0.087	0.062	16.691
16	2.808	0.086	0.062	16.573
17	2.803	0.086	0.094	16.499
18	2.795	0.090	0.156	16.370
19	2.793	0.092	0.125	16.330
20	2.787	0.095	0.156	16.226
21	2.782	0.097	0.125	16.149
22	2.775	0.095	0.062	16.045
23	2.763	0.101	0.219	15.852
24	2.765	0.099	0.062	15.876
25	2.758	0.100	0.125	15.763
26	2.748	0.101	0.125	15.605
27	2.739	0.101	0.094	15.466
28	2.730	0.105	0.219	15.335
29	2.718	0.107	0.156	15.147
30	2.716	0.106	0.094	15.118
31	2.705	0.109	0.188	14.961
32	2.701	0.109	0.125	14.892
33	2.695	0.110	0.125	14.805
34	2.691	0.110	0.125	14.754
35	2.687	0.110	0.094	14.687
36	2.685	0.109	0.062	14.659
37	2.679	0.110	0.156	14.567
38	2.672	0.112	0.188	14.471
39	2.666	0.113	0.156	14.384
40	2.661	0.112	0.062	14.304
41	2.655	0.114	0.188	14.228
42	2.651	0.114	0.125	14.171
43	2.645	0.114	0.125	14.081
44	2.638	0.115	0.156	13.983
45	2.632	0.119	0.312	13.908
46	2.624	0.123	0.281	13.792
47	2.618	0.127	0.312	13.709
48	2.608	0.130	0.281	13.578
49	2.605	0.130	0.125	13.537
50	2.597	0.132	0.250	13.424
51	2.590	0.134	0.219	13.335
52	2.584	0.136	0.250	13.253
53	2.578	0.139	0.250	13.167
54	2.572	0.139	0.156	13.097
55	2.567	0.143	0.344	13.021
56	2.561	0.145	0.250	12.946
57	2.552	0.147	0.312	12.827
58	2.545	0.149	0.219	12.739
59	2.535	0.150	0.250	12.622
60	2.529	0.151	0.188	12.536
61	2.519	0.155	0.375	12.421
62	2.510	0.156	0.250	12.308
63	2.500	0.160	0.406	12.180
64	2.493	0.163	0.312	12.093
65	2.482	0.166	0.375	11.966
66	2.473	0.166	0.188	11.856
67	2.462	0.168	0.281	11.724
68	2.451	0.170	0.281	11.602
69	2.440	0.173	0.375	11.469
70	2.430	0.175	0.375	11.355
71	2.420	0.178	0.375	11.243
72	2.408	0.181	0.375	11.110
73	2.396	0.183	0.344	10.980
74	2.384	0.186	0.375	10.852
75	2.377	0.186	0.219	10.778
76	2.366	0.188	0.312	10.657
77	2.356	0.190	0.344	10.550
78	2.346	0.192	0.375	10.439
79	2.334	0.195	0.438	10.318
80	2.325	0.197	0.312	10.226
81	2.314	0.199	0.344	10.112
82	2.303	0.200	0.281	10.005
83	2.294	0.200	0.219	9.918
84	2.286	0.201	0.281	9.833
85	2.277	0.203	0.344	9.744
86	2.266	0.204	0.344	9.643
87	2.261	0.205	0.250	9.589
88	2.251	0.207	0.406	9.497
89	2.242	0.209	0.344	9.413
90	2.233	0.210	0.344	9.332
91	2.224	0.213	0.438	9.244
92	2.216	0.213	0.250	9.170
93	2.207	0.214	0.312	9.090
94	2.198	0.216	0.438	9.010
95	2.191	0.218	0.406	8.948
96	2.187	0.217	0.125	8.905
97	2.178	0.219	0.375	8.829
98	2.171	0.220	0.344	8.765
99	2.162	0.222	0.344	8.685
100	2.155	0.222	0.250	8.629
101	2.148	0.222	0.281	8.570
102	2.141	0.222	0.156	8.508
103	2.134	0.222	0.281	8.445
104	2.126	0.223	0.312	8.385
105	2.120	0.223	0.156	8.335
106	2.114	0.224	0.344	8.283
107	2.108	0.224	0.250	8.232
108	2.101	0.225	0.375	8.171
109	2.095	0.226	0.312	8.123
110	2.089	0.227	0.344	8.078
111	2.084	0.227	0.250	8.038
112	2.078	0.228	0.312	7.988
113	2.072	0.230	0.469	7.937
114	2.066	0.230	0.219	7.890
115	2.059	0.232	0.406	7.841
116	2.052	0.233	0.406	7.786
117	2.046	0.234	0.344	7.739
118	2.041	0.235	0.312	7.698
119	2.036	0.235	0.250	7.659
120	2.029	0.236	0.375	7.607
121	2.023	0.238	0.406	7.564
122	2.018	0.238	0.312	7.524
123	2.014	0.239	0.281	7.491
124	2.008	0.239	0.250	7.449
125	2.003	0.239	0.312	7.411
126	1.999	0.239	0.219	7.385
127	1.995	0.240	0.312	7.356
128	1.991	0.240	0.219	7.325
129	1.987	0.241	0.375	7.294
130	1.983	0.240	0.188	7.268
131	1.979	0.241	0.312	7.233
132	1.974	0.241	0.281	7.201
133	1.969	0.243	0.469	7.160
134	1.964	0.243	0.219	7.125
135	1.960	0.244	0.406	7.096
136	1.955	0.244	0.312	7.065
137	1.951	0.245	0.312	7.033
138	1.948	0.245	0.219	7.012
139	1.943	0.246	0.469	6.980
140	1.940	0.247	0.312	6.956
141	1.936	0.248	0.375	6.929
142	1.931	0.248	0.375	6.899
143	1.928	0.248	0.250	6.876
144	1.924	0.249	0.281	6.850
145	1.920	0.249	0.281	6.823
146	1.916	0.250	0.344	6.796
147	1.913	0.250	0.312	6.773
148	1.909	0.250	0.312	6.749
149	1.905	0.250	0.219	6.722
150	1.902	0.250	0.250	6.698
151	1.899	0.251	0.375	6.678
152	1.897	0.250	0.156	6.666
153	1.895	0.250	0.188	6.650
154	1.892	0.250	0.250	6.633
155	1.889	0.250	0.281	6.612
156	1.886	0.250	0.250	6.593
157	1.883	0.250	0.250	6.574
158	1.880	0.250	0.281	6.554
159	1.877	0.251	0.406	6.531
160	1.874	0.252	0.344	6.512
161	1.871	0.252	0.250	6.495
162	1.867	0.253	0.344	6.471
163	1.865	0.252	0.219	6.458
164	1.863	0.252	0.281	6.442
165	1.860	0.252	0.250	6.424
166	1.856	0.253	0.344	6.400
167	1.853	0.254	0.375	6.379
168	1.851	0.254	0.312	6.364
169	1.848	0.254	0.250	6.348
170	1.846	0.254	0.281	6.332
171	1.843	0.255	0.481	6.315
test_index	loss	acc	batch_acc	perp
1	1.269	0.344	0.344	3.558
2	1.332	0.281	0.219	3.789
3	1.346	0.333	0.438	3.840
4	1.362	0.312	0.250	3.904
5	1.371	0.319	0.344	3.938
6	1.335	0.349	0.500	3.799
7	1.345	0.348	0.344	3.839
8	1.369	0.332	0.219	3.931
9	1.385	0.326	0.281	3.996
10	1.383	0.325	0.312	3.988
11	1.390	0.318	0.250	4.017
12	1.400	0.310	0.219	4.055
13	1.401	0.322	0.469	4.061
14	1.405	0.315	0.219	4.076
15	1.407	0.310	0.250	4.083
16	1.409	0.307	0.250	4.092
17	1.414	0.296	0.125	4.114
18	1.417	0.299	0.344	4.124
19	1.410	0.304	0.406	4.094
20	1.407	0.306	0.344	4.085
21	1.402	0.310	0.375	4.065
22	1.408	0.311	0.344	4.086
23	1.410	0.307	0.219	4.094
24	1.409	0.307	0.312	4.092
25	1.407	0.306	0.281	4.084
26	1.403	0.310	0.406	4.067
27	1.400	0.314	0.406	4.056
28	1.398	0.317	0.406	4.048
29	1.397	0.317	0.312	4.041
30	1.393	0.322	0.469	4.025
31	1.394	0.317	0.156	4.031
32	1.392	0.315	0.281	4.023
33	1.396	0.312	0.219	4.037
34	1.397	0.309	0.188	4.042
