train_index	loss	acc	batch_acc	perp
1	2.892	0.059	0.059	18.021
2	2.872	0.080	0.100	17.673
3	2.855	0.092	0.116	17.369
4	2.839	0.087	0.075	17.092
5	2.830	0.094	0.122	16.946
6	2.821	0.089	0.062	16.800
7	2.812	0.088	0.081	16.642
8	2.809	0.084	0.059	16.590
9	2.805	0.082	0.066	16.534
10	2.801	0.086	0.116	16.458
11	2.799	0.084	0.066	16.429
12	2.800	0.079	0.028	16.445
13	2.796	0.081	0.097	16.375
14	2.792	0.082	0.097	16.308
15	2.792	0.081	0.078	16.310
16	2.788	0.082	0.094	16.248
17	2.783	0.082	0.072	16.169
18	2.784	0.080	0.050	16.179
19	2.782	0.080	0.091	16.143
20	2.778	0.082	0.112	16.084
21	2.776	0.083	0.100	16.049
22	2.773	0.084	0.106	16.004
23	2.771	0.085	0.106	15.982
24	2.768	0.085	0.084	15.919
25	2.765	0.085	0.078	15.884
26	2.764	0.085	0.106	15.860
27	2.763	0.086	0.094	15.846
28	2.760	0.087	0.109	15.799
29	2.760	0.086	0.075	15.797
30	2.759	0.086	0.084	15.783
31	2.756	0.087	0.128	15.743
32	2.757	0.088	0.109	15.750
33	2.756	0.089	0.131	15.744
34	2.755	0.089	0.084	15.725
35	2.754	0.090	0.122	15.702
36	2.752	0.091	0.134	15.672
37	2.752	0.092	0.100	15.667
38	2.751	0.091	0.075	15.664
39	2.749	0.093	0.147	15.625
40	2.748	0.092	0.072	15.610
41	2.746	0.092	0.103	15.581
42	2.745	0.093	0.119	15.561
43	2.744	0.093	0.091	15.545
44	2.743	0.093	0.075	15.534
45	2.741	0.094	0.141	15.503
46	2.740	0.094	0.116	15.491
47	2.739	0.094	0.097	15.478
48	2.739	0.094	0.075	15.470
49	2.738	0.094	0.094	15.460
50	2.738	0.094	0.109	15.452
51	2.737	0.095	0.122	15.445
52	2.737	0.094	0.081	15.442
53	2.738	0.093	0.034	15.463
54	2.738	0.093	0.097	15.455
55	2.737	0.093	0.091	15.437
56	2.737	0.093	0.081	15.443
57	2.737	0.094	0.122	15.441
58	2.737	0.093	0.084	15.446
59	2.737	0.094	0.119	15.440
60	2.736	0.094	0.119	15.432
61	2.736	0.094	0.106	15.425
62	2.735	0.095	0.106	15.408
63	2.735	0.095	0.112	15.405
64	2.735	0.095	0.103	15.404
65	2.734	0.095	0.109	15.393
66	2.734	0.095	0.094	15.399
67	2.734	0.095	0.087	15.394
68	2.733	0.095	0.084	15.381
69	2.733	0.095	0.109	15.374
70	2.733	0.095	0.087	15.373
71	2.732	0.096	0.141	15.361
72	2.732	0.096	0.125	15.358
73	2.731	0.096	0.122	15.350
74	2.731	0.097	0.122	15.341
75	2.730	0.097	0.103	15.338
76	2.730	0.097	0.112	15.327
77	2.729	0.098	0.150	15.315
78	2.729	0.098	0.112	15.312
79	2.729	0.098	0.072	15.310
80	2.728	0.098	0.144	15.304
81	2.727	0.098	0.119	15.291
82	2.726	0.099	0.134	15.276
83	2.726	0.099	0.112	15.266
84	2.725	0.100	0.144	15.261
85	2.724	0.100	0.138	15.249
86	2.724	0.100	0.109	15.244
87	2.724	0.100	0.119	15.243
88	2.724	0.100	0.106	15.242
89	2.724	0.101	0.112	15.236
90	2.723	0.100	0.078	15.227
91	2.722	0.101	0.122	15.215
92	2.722	0.100	0.072	15.215
93	2.722	0.100	0.094	15.216
94	2.722	0.100	0.097	15.212
95	2.722	0.100	0.066	15.213
96	2.722	0.100	0.087	15.209
97	2.721	0.100	0.106	15.202
98	2.721	0.100	0.144	15.194
99	2.721	0.100	0.112	15.190
100	2.721	0.100	0.087	15.191
101	2.720	0.100	0.081	15.184
102	2.720	0.100	0.103	15.181
103	2.719	0.100	0.125	15.172
104	2.719	0.100	0.106	15.171
105	2.718	0.101	0.144	15.151
106	2.718	0.101	0.097	15.148
107	2.718	0.101	0.087	15.150
108	2.718	0.101	0.100	15.145
109	2.718	0.101	0.097	15.143
110	2.717	0.101	0.119	15.135
111	2.717	0.101	0.109	15.132
112	2.716	0.101	0.116	15.121
113	2.716	0.101	0.091	15.122
114	2.716	0.101	0.094	15.118
115	2.716	0.101	0.106	15.114
116	2.716	0.101	0.116	15.113
117	2.715	0.101	0.125	15.103
118	2.715	0.101	0.134	15.097
119	2.714	0.101	0.094	15.095
120	2.714	0.101	0.103	15.097
121	2.714	0.101	0.106	15.092
122	2.714	0.102	0.112	15.085
123	2.713	0.102	0.116	15.079
124	2.713	0.102	0.153	15.074
125	2.713	0.102	0.062	15.081
126	2.713	0.102	0.162	15.068
127	2.712	0.103	0.159	15.064
128	2.712	0.103	0.134	15.056
129	2.712	0.103	0.119	15.055
130	2.712	0.103	0.084	15.061
131	2.712	0.103	0.094	15.052
132	2.711	0.103	0.112	15.049
133	2.711	0.103	0.091	15.044
134	2.711	0.103	0.106	15.041
135	2.710	0.103	0.125	15.036
136	2.710	0.103	0.122	15.033
137	2.710	0.103	0.125	15.029
138	2.710	0.103	0.119	15.030
139	2.710	0.104	0.131	15.023
140	2.709	0.104	0.091	15.020
141	2.709	0.103	0.078	15.019
142	2.709	0.103	0.094	15.016
143	2.709	0.104	0.156	15.010
144	2.709	0.104	0.119	15.008
145	2.708	0.104	0.119	15.003
146	2.708	0.104	0.134	14.996
147	2.708	0.104	0.122	14.994
148	2.707	0.104	0.144	14.986
149	2.707	0.105	0.119	14.978
150	2.707	0.105	0.131	14.978
151	2.706	0.105	0.112	14.974
152	2.706	0.105	0.169	14.966
153	2.705	0.105	0.125	14.957
154	2.705	0.105	0.112	14.953
155	2.704	0.105	0.122	14.945
156	2.704	0.106	0.112	14.941
157	2.703	0.106	0.144	14.930
158	2.703	0.106	0.131	14.926
159	2.703	0.106	0.081	14.930
160	2.703	0.106	0.091	14.928
161	2.703	0.106	0.141	14.918
162	2.702	0.106	0.091	14.914
163	2.702	0.106	0.144	14.906
164	2.702	0.106	0.109	14.902
165	2.701	0.106	0.128	14.894
166	2.700	0.106	0.147	14.884
167	2.700	0.106	0.116	14.878
168	2.700	0.106	0.109	14.876
169	2.699	0.107	0.109	14.870
170	2.699	0.107	0.109	14.868
171	2.699	0.107	0.111	14.865
test_index	loss	acc	batch_acc	perp
1	2.651	0.103	0.103	14.166
2	2.659	0.111	0.119	14.279
3	2.677	0.104	0.091	14.537
4	2.672	0.108	0.119	14.462
5	2.662	0.117	0.153	14.322
6	2.657	0.124	0.159	14.251
7	2.658	0.121	0.103	14.274
8	2.659	0.122	0.131	14.286
9	2.657	0.122	0.119	14.256
10	2.661	0.121	0.116	14.313
11	2.666	0.117	0.075	14.387
12	2.662	0.120	0.156	14.327
13	2.658	0.124	0.166	14.270
14	2.658	0.122	0.094	14.274
15	2.656	0.120	0.097	14.237
16	2.656	0.117	0.066	14.234
17	2.654	0.115	0.097	14.208
18	2.653	0.115	0.100	14.203
19	2.653	0.113	0.087	14.200
20	2.654	0.113	0.106	14.217
21	2.653	0.114	0.131	14.192
22	2.653	0.115	0.150	14.200
23	2.653	0.114	0.094	14.202
24	2.654	0.115	0.138	14.214
25	2.653	0.117	0.150	14.194
26	2.652	0.118	0.144	14.183
27	2.651	0.117	0.097	14.166
28	2.647	0.118	0.156	14.110
29	2.647	0.119	0.122	14.106
30	2.646	0.119	0.122	14.104
31	2.646	0.120	0.147	14.091
32	2.645	0.120	0.128	14.084
33	2.645	0.119	0.100	14.078
34	2.645	0.119	0.122	14.089
