train_index	loss	acc	batch_acc	perp
1	2.891	0.062	0.062	18.016
2	2.893	0.047	0.031	18.040
3	2.889	0.073	0.125	17.983
4	2.885	0.070	0.062	17.900
5	2.875	0.075	0.094	17.731
6	2.868	0.089	0.156	17.607
7	2.849	0.094	0.125	17.272
8	2.873	0.098	0.125	17.692
9	2.866	0.090	0.031	17.574
10	2.856	0.087	0.062	17.387
11	2.849	0.094	0.156	17.274
12	2.840	0.099	0.156	17.122
13	2.836	0.101	0.125	17.056
14	2.834	0.096	0.031	17.007
15	2.828	0.106	0.250	16.907
16	2.821	0.107	0.125	16.786
17	2.818	0.105	0.062	16.739
18	2.813	0.108	0.156	16.654
19	2.811	0.102	0.000	16.634
20	2.805	0.103	0.125	16.522
21	2.800	0.101	0.062	16.439
22	2.792	0.101	0.094	16.320
23	2.789	0.099	0.062	16.260
24	2.787	0.098	0.062	16.227
25	2.783	0.096	0.062	16.170
26	2.772	0.103	0.281	15.990
27	2.767	0.102	0.062	15.918
28	2.759	0.100	0.062	15.784
29	2.755	0.101	0.125	15.721
30	2.753	0.102	0.125	15.695
31	2.748	0.101	0.062	15.619
32	2.741	0.103	0.156	15.504
33	2.735	0.104	0.156	15.404
34	2.725	0.107	0.188	15.262
35	2.719	0.107	0.125	15.168
36	2.711	0.110	0.219	15.046
37	2.706	0.111	0.156	14.973
38	2.702	0.112	0.125	14.908
39	2.700	0.114	0.188	14.880
40	2.693	0.119	0.312	14.769
41	2.685	0.119	0.125	14.663
42	2.682	0.119	0.125	14.618
43	2.679	0.121	0.219	14.565
44	2.673	0.121	0.125	14.483
45	2.670	0.123	0.188	14.440
46	2.668	0.124	0.156	14.404
47	2.664	0.124	0.125	14.357
48	2.656	0.127	0.281	14.237
49	2.650	0.129	0.250	14.149
50	2.646	0.129	0.125	14.100
51	2.639	0.132	0.281	14.001
52	2.631	0.136	0.312	13.883
53	2.623	0.138	0.250	13.780
54	2.618	0.141	0.281	13.705
55	2.615	0.140	0.125	13.666
56	2.608	0.142	0.250	13.576
57	2.604	0.144	0.219	13.518
58	2.598	0.146	0.281	13.443
59	2.591	0.147	0.219	13.346
60	2.584	0.148	0.188	13.254
61	2.575	0.149	0.219	13.131
62	2.571	0.150	0.188	13.081
63	2.567	0.149	0.125	13.023
64	2.560	0.149	0.156	12.939
65	2.552	0.153	0.375	12.832
66	2.545	0.152	0.125	12.745
67	2.538	0.154	0.250	12.649
68	2.531	0.154	0.188	12.567
69	2.523	0.155	0.219	12.470
70	2.514	0.158	0.312	12.356
71	2.505	0.159	0.281	12.245
72	2.498	0.161	0.250	12.155
73	2.492	0.162	0.250	12.090
74	2.483	0.164	0.344	11.971
75	2.474	0.166	0.312	11.875
76	2.465	0.169	0.344	11.760
77	2.455	0.170	0.312	11.649
78	2.446	0.172	0.281	11.547
79	2.437	0.172	0.219	11.436
80	2.426	0.175	0.406	11.313
81	2.417	0.176	0.188	11.216
82	2.407	0.178	0.344	11.106
83	2.397	0.180	0.344	10.986
84	2.387	0.182	0.406	10.881
85	2.377	0.184	0.312	10.775
86	2.367	0.186	0.344	10.661
87	2.358	0.186	0.219	10.574
88	2.349	0.187	0.281	10.478
89	2.340	0.188	0.281	10.379
90	2.331	0.189	0.219	10.289
91	2.324	0.190	0.344	10.214
92	2.317	0.191	0.250	10.141
93	2.307	0.193	0.344	10.048
94	2.299	0.193	0.219	9.966
95	2.290	0.195	0.406	9.879
96	2.285	0.195	0.219	9.822
97	2.276	0.196	0.250	9.739
98	2.268	0.196	0.188	9.662
99	2.261	0.196	0.250	9.595
100	2.254	0.196	0.188	9.530
101	2.248	0.197	0.281	9.467
102	2.241	0.198	0.250	9.400
103	2.235	0.199	0.344	9.343
104	2.227	0.199	0.188	9.270
105	2.220	0.199	0.219	9.203
106	2.212	0.200	0.250	9.137
107	2.206	0.201	0.375	9.076
108	2.198	0.203	0.375	9.006
109	2.191	0.204	0.312	8.948
110	2.185	0.205	0.281	8.888
111	2.178	0.204	0.188	8.833
112	2.172	0.205	0.312	8.777
113	2.166	0.206	0.250	8.723
114	2.160	0.206	0.188	8.671
115	2.154	0.206	0.250	8.618
116	2.147	0.207	0.375	8.562
117	2.141	0.208	0.312	8.508
118	2.135	0.209	0.281	8.454
119	2.128	0.211	0.406	8.400
120	2.122	0.211	0.250	8.348
121	2.116	0.213	0.406	8.299
122	2.110	0.213	0.219	8.251
123	2.104	0.213	0.281	8.201
124	2.100	0.214	0.344	8.163
125	2.094	0.214	0.250	8.119
126	2.090	0.215	0.312	8.088
127	2.085	0.216	0.281	8.041
128	2.080	0.217	0.312	8.003
129	2.076	0.216	0.156	7.973
130	2.070	0.217	0.375	7.925
131	2.065	0.217	0.219	7.884
132	2.059	0.219	0.406	7.838
133	2.055	0.219	0.250	7.808
134	2.049	0.221	0.531	7.764
135	2.047	0.221	0.156	7.745
136	2.042	0.221	0.281	7.709
137	2.039	0.221	0.156	7.681
138	2.034	0.221	0.312	7.645
139	2.029	0.221	0.219	7.606
140	2.025	0.222	0.281	7.574
141	2.020	0.223	0.375	7.540
142	2.017	0.223	0.281	7.516
143	2.012	0.224	0.344	7.482
144	2.008	0.225	0.344	7.449
145	2.004	0.226	0.344	7.415
146	2.000	0.226	0.219	7.389
147	1.996	0.227	0.375	7.356
148	1.991	0.227	0.312	7.324
149	1.988	0.228	0.281	7.298
150	1.983	0.229	0.344	7.267
151	1.980	0.228	0.188	7.241
152	1.976	0.228	0.219	7.214
153	1.972	0.229	0.312	7.185
154	1.968	0.229	0.281	7.158
155	1.964	0.230	0.375	7.129
156	1.961	0.231	0.312	7.105
157	1.957	0.231	0.312	7.081
158	1.954	0.232	0.406	7.060
159	1.951	0.233	0.312	7.036
160	1.948	0.233	0.219	7.014
161	1.944	0.233	0.344	6.984
162	1.941	0.234	0.281	6.962
163	1.937	0.234	0.344	6.939
164	1.934	0.236	0.469	6.914
165	1.930	0.236	0.281	6.890
166	1.927	0.236	0.250	6.867
167	1.924	0.237	0.375	6.845
168	1.921	0.237	0.188	6.825
169	1.918	0.237	0.281	6.804
170	1.914	0.237	0.344	6.783
171	1.911	0.238	0.370	6.763
1	1.332	0.312	0.312	3.790
2	1.335	0.297	0.281	3.800
3	1.400	0.240	0.125	4.055
4	1.391	0.250	0.281	4.018
5	1.416	0.244	0.219	4.119
6	1.412	0.255	0.312	4.103
7	1.405	0.254	0.250	4.077
8	1.401	0.277	0.438	4.058
9	1.396	0.285	0.344	4.040
10	1.402	0.275	0.188	4.065
11	1.393	0.284	0.375	4.025
12	1.405	0.281	0.250	4.074
13	1.392	0.284	0.312	4.022
14	1.416	0.275	0.156	4.122
15	1.417	0.275	0.281	4.123
16	1.411	0.273	0.250	4.099
17	1.411	0.270	0.219	4.099
18	1.412	0.276	0.375	4.105
19	1.417	0.271	0.188	4.126
20	1.413	0.281	0.469	4.110
21	1.408	0.287	0.406	4.087
22	1.400	0.295	0.469	4.057
23	1.404	0.292	0.219	4.072
24	1.406	0.290	0.250	4.078
25	1.401	0.294	0.375	4.058
26	1.402	0.291	0.219	4.065
27	1.402	0.291	0.281	4.064
28	1.399	0.292	0.344	4.051
29	1.395	0.297	0.438	4.037
30	1.399	0.296	0.250	4.050
31	1.400	0.300	0.438	4.055
32	1.400	0.302	0.344	4.055
33	1.401	0.298	0.188	4.059
34	1.400	0.300	0.344	4.057
35	1.401	0.298	0.250	4.061
36	1.400	0.299	0.344	4.056
37	1.402	0.297	0.219	4.064
38	1.400	0.301	0.438	4.054
39	1.401	0.298	0.188	4.058
40	1.401	0.299	0.344	4.057
41	1.398	0.304	0.500	4.048
42	1.400	0.303	0.250	4.057
43	1.398	0.305	0.375	4.048
44	1.399	0.303	0.219	4.050
45	1.400	0.303	0.312	4.054
46	1.403	0.300	0.188	4.067
47	1.403	0.300	0.281	4.067
48	1.401	0.300	0.312	4.060
49	1.400	0.300	0.312	4.057
50	1.402	0.300	0.281	4.062
51	1.405	0.297	0.156	4.075
52	1.404	0.297	0.281	4.072
53	1.405	0.295	0.219	4.077
54	1.402	0.296	0.344	4.064
55	1.405	0.295	0.219	4.075
56	1.405	0.294	0.250	4.076
57	1.404	0.294	0.312	4.073
58	1.403	0.295	0.312	4.067
59	1.402	0.294	0.281	4.063
60	1.403	0.294	0.281	4.068
61	1.405	0.293	0.219	4.074
62	1.406	0.292	0.250	4.079
63	1.404	0.294	0.375	4.072
64	1.405	0.293	0.281	4.076
65	1.404	0.297	0.531	4.069
66	1.404	0.298	0.344	4.072
67	1.404	0.298	0.312	4.072
68	1.403	0.299	0.344	4.067
69	1.403	0.300	0.375	4.066
70	1.402	0.300	0.281	4.062
71	1.401	0.301	0.375	4.058
72	1.401	0.302	0.375	4.058
73	1.399	0.302	0.312	4.052
74	1.399	0.302	0.281	4.052
75	1.401	0.301	0.250	4.059
76	1.400	0.301	0.281	4.054
77	1.399	0.302	0.406	4.051
78	1.400	0.304	0.469	4.053
79	1.400	0.303	0.219	4.056
80	1.400	0.303	0.312	4.057
81	1.400	0.303	0.281	4.057
82	1.399	0.304	0.438	4.049
83	1.398	0.304	0.281	4.049
84	1.397	0.304	0.281	4.043
85	1.398	0.303	0.219	4.045
86	1.398	0.302	0.219	4.049
87	1.399	0.301	0.219	4.050
88	1.397	0.303	0.469	4.044
89	1.396	0.303	0.312	4.039
90	1.398	0.303	0.312	4.046
91	1.398	0.304	0.344	4.047
92	1.397	0.305	0.469	4.043
93	1.397	0.306	0.375	4.041
94	1.398	0.306	0.312	4.046
95	1.398	0.307	0.375	4.047
96	1.398	0.307	0.281	4.049
97	1.398	0.307	0.312	4.046
98	1.397	0.307	0.375	4.044
99	1.398	0.307	0.250	4.049
100	1.399	0.306	0.250	4.050
101	1.399	0.306	0.250	4.049
102	1.398	0.307	0.406	4.048
103	1.398	0.306	0.188	4.048
104	1.399	0.305	0.281	4.052
105	1.398	0.305	0.312	4.047
106	1.397	0.307	0.469	4.042
107	1.397	0.307	0.312	4.045
108	1.396	0.309	0.562	4.039
109	1.396	0.308	0.219	4.040
110	1.396	0.308	0.281	4.038
111	1.396	0.308	0.281	4.037
112	1.395	0.309	0.406	4.035
113	1.395	0.309	0.281	4.034
114	1.396	0.308	0.250	4.038
115	1.395	0.308	0.312	4.037
116	1.396	0.308	0.250	4.038
117	1.396	0.307	0.188	4.039
118	1.397	0.306	0.281	4.044
119	1.397	0.306	0.250	4.043
120	1.399	0.304	0.094	4.050
121	1.399	0.304	0.312	4.049
122	1.399	0.304	0.219	4.052
123	1.399	0.305	0.438	4.050
124	1.399	0.306	0.438	4.050
125	1.398	0.307	0.438	4.047
126	1.397	0.307	0.344	4.045
127	1.397	0.306	0.219	4.043
128	1.397	0.306	0.281	4.044
129	1.398	0.305	0.219	4.048
130	1.399	0.305	0.281	4.051
131	1.398	0.306	0.375	4.048
132	1.399	0.305	0.219	4.052
133	1.399	0.305	0.281	4.051
134	1.400	0.305	0.312	4.055
135	1.400	0.305	0.250	4.056
136	1.400	0.305	0.344	4.057
137	1.400	0.305	0.344	4.055
138	1.400	0.306	0.406	4.053
139	1.399	0.306	0.375	4.050
140	1.399	0.306	0.312	4.052
141	1.400	0.305	0.156	4.054
142	1.399	0.306	0.406	4.051
143	1.399	0.307	0.406	4.050
144	1.398	0.308	0.438	4.049
145	1.398	0.307	0.250	4.048
146	1.399	0.307	0.312	4.051
147	1.400	0.307	0.219	4.054
148	1.399	0.307	0.344	4.051
149	1.399	0.307	0.344	4.049
150	1.398	0.308	0.375	4.047
151	1.398	0.307	0.188	4.048
152	1.399	0.306	0.219	4.050
153	1.398	0.307	0.375	4.047
154	1.398	0.306	0.250	4.047
155	1.397	0.307	0.375	4.044
156	1.397	0.306	0.250	4.043
157	1.398	0.307	0.312	4.047
158	1.398	0.306	0.281	4.046
159	1.397	0.307	0.406	4.045
160	1.398	0.306	0.188	4.047
161	1.398	0.306	0.312	4.045
162	1.397	0.306	0.312	4.043
163	1.396	0.307	0.344	4.040
164	1.396	0.307	0.344	4.039
165	1.397	0.307	0.312	4.042
166	1.396	0.307	0.375	4.041
167	1.396	0.307	0.344	4.039
168	1.396	0.307	0.219	4.038
169	1.396	0.307	0.344	4.038
170	1.395	0.308	0.375	4.036
171	1.396	0.307	0.222	4.038
1	1.306	0.250	0.250	3.690
2	1.309	0.312	0.375	3.702
3	1.289	0.333	0.375	3.630
4	1.292	0.328	0.312	3.640
5	1.319	0.325	0.312	3.741
6	1.321	0.318	0.281	3.748
7	1.346	0.312	0.281	3.842
8	1.350	0.301	0.219	3.857
9	1.350	0.312	0.406	3.856
10	1.342	0.328	0.469	3.826
11	1.338	0.341	0.469	3.810
12	1.337	0.339	0.312	3.808
13	1.337	0.341	0.375	3.808
14	1.343	0.333	0.219	3.832
15	1.345	0.331	0.312	3.839
16	1.345	0.332	0.344	3.836
17	1.350	0.325	0.219	3.856
18	1.354	0.328	0.375	3.872
19	1.357	0.326	0.281	3.886
20	1.363	0.328	0.375	3.907
21	1.362	0.330	0.375	3.905
22	1.363	0.328	0.281	3.908
23	1.365	0.326	0.281	3.915
24	1.359	0.329	0.406	3.893
25	1.359	0.333	0.406	3.892
26	1.359	0.331	0.281	3.894
27	1.357	0.332	0.375	3.886
28	1.361	0.336	0.438	3.902
29	1.363	0.336	0.344	3.907
30	1.364	0.335	0.312	3.912
31	1.364	0.335	0.312	3.913
32	1.360	0.337	0.406	3.898
33	1.363	0.335	0.281	3.907
34	1.367	0.335	0.344	3.923
35	1.368	0.332	0.219	3.927
36	1.368	0.333	0.375	3.927
37	1.366	0.334	0.375	3.920
38	1.365	0.337	0.438	3.917
39	1.366	0.340	0.438	3.919
40	1.366	0.341	0.406	3.919
41	1.369	0.338	0.188	3.932
42	1.371	0.335	0.219	3.939
43	1.374	0.331	0.188	3.949
44	1.374	0.331	0.312	3.951
45	1.371	0.331	0.344	3.941
46	1.373	0.331	0.312	3.945
47	1.370	0.332	0.406	3.934
48	1.367	0.335	0.438	3.924
49	1.368	0.335	0.344	3.928
50	1.369	0.333	0.250	3.930
51	1.371	0.328	0.094	3.940
52	1.375	0.326	0.188	3.954
53	1.374	0.325	0.281	3.952
54	1.371	0.327	0.438	3.941
55	1.370	0.328	0.406	3.935
56	1.370	0.328	0.281	3.937
57	1.369	0.329	0.438	3.931
58	1.369	0.329	0.281	3.933
59	1.371	0.328	0.281	3.939
60	1.371	0.328	0.344	3.940
61	1.371	0.328	0.344	3.941
62	1.370	0.330	0.406	3.933
63	1.369	0.329	0.281	3.932
64	1.368	0.329	0.312	3.927
65	1.366	0.329	0.375	3.921
66	1.365	0.329	0.281	3.917
67	1.364	0.330	0.406	3.913
68	1.366	0.329	0.250	3.920
69	1.365	0.328	0.312	3.917
70	1.363	0.329	0.344	3.907
71	1.365	0.328	0.281	3.918
72	1.365	0.327	0.250	3.917
73	1.366	0.327	0.312	3.918
74	1.369	0.324	0.156	3.930
75	1.370	0.322	0.156	3.937
76	1.371	0.322	0.312	3.938
77	1.370	0.323	0.406	3.937
78	1.370	0.323	0.344	3.936
79	1.370	0.324	0.375	3.935
80	1.370	0.324	0.344	3.934
81	1.368	0.327	0.562	3.927
82	1.367	0.326	0.219	3.925
83	1.369	0.325	0.250	3.932
84	1.370	0.324	0.219	3.934
85	1.370	0.323	0.250	3.935
86	1.370	0.324	0.438	3.935
87	1.373	0.323	0.219	3.946
88	1.372	0.324	0.438	3.944
89	1.370	0.325	0.406	3.937
90	1.370	0.325	0.344	3.937
91	1.371	0.324	0.219	3.941
92	1.371	0.324	0.312	3.940
93	1.372	0.325	0.375	3.943
94	1.371	0.325	0.344	3.941
95	1.371	0.324	0.250	3.939
96	1.371	0.322	0.156	3.938
97	1.372	0.322	0.344	3.943
98	1.371	0.323	0.375	3.941
99	1.371	0.323	0.344	3.940
100	1.370	0.325	0.500	3.937
101	1.371	0.325	0.281	3.940
102	1.371	0.325	0.406	3.938
103	1.371	0.325	0.312	3.939
104	1.371	0.325	0.250	3.939
105	1.371	0.325	0.406	3.940
106	1.371	0.325	0.250	3.938
107	1.372	0.324	0.250	3.942
108	1.371	0.325	0.406	3.939
109	1.372	0.325	0.344	3.942
110	1.371	0.326	0.406	3.938
111	1.371	0.325	0.312	3.939
112	1.371	0.325	0.312	3.937
113	1.370	0.325	0.250	3.937
114	1.370	0.326	0.438	3.937
115	1.371	0.325	0.281	3.940
116	1.372	0.325	0.250	3.943
117	1.372	0.325	0.344	3.942
118	1.371	0.325	0.406	3.938
119	1.370	0.325	0.312	3.937
120	1.370	0.325	0.312	3.936
121	1.371	0.326	0.375	3.941
122	1.371	0.326	0.375	3.941
123	1.372	0.326	0.375	3.942
124	1.371	0.326	0.312	3.941
125	1.371	0.328	0.500	3.939
126	1.371	0.329	0.500	3.938
127	1.371	0.329	0.344	3.939
128	1.371	0.330	0.406	3.938
129	1.370	0.331	0.438	3.936
130	1.370	0.331	0.312	3.933
131	1.370	0.330	0.281	3.934
132	1.370	0.331	0.406	3.935
133	1.371	0.330	0.250	3.939
134	1.371	0.330	0.375	3.939
135	1.371	0.331	0.406	3.938
136	1.370	0.331	0.344	3.937
137	1.370	0.331	0.312	3.937
138	1.371	0.331	0.281	3.938
139	1.372	0.329	0.156	3.945
140	1.373	0.329	0.219	3.946
141	1.374	0.328	0.250	3.951
142	1.374	0.328	0.312	3.950
143	1.373	0.329	0.469	3.949
144	1.373	0.329	0.375	3.947
145	1.373	0.330	0.375	3.947
146	1.373	0.329	0.281	3.946
147	1.372	0.329	0.312	3.945
148	1.372	0.329	0.375	3.943
149	1.372	0.329	0.344	3.943
150	1.372	0.329	0.281	3.942
151	1.371	0.329	0.312	3.940
152	1.371	0.330	0.438	3.938
153	1.371	0.330	0.375	3.939
154	1.371	0.329	0.156	3.941
155	1.370	0.329	0.375	3.937
156	1.371	0.329	0.281	3.939
157	1.371	0.329	0.281	3.938
158	1.371	0.328	0.281	3.940
159	1.372	0.328	0.250	3.943
160	1.371	0.328	0.344	3.940
161	1.372	0.327	0.219	3.944
162	1.372	0.327	0.312	3.943
163	1.372	0.327	0.344	3.944
164	1.373	0.327	0.281	3.946
165	1.373	0.326	0.219	3.947
166	1.373	0.326	0.281	3.946
167	1.373	0.326	0.281	3.946
168	1.372	0.326	0.375	3.943
169	1.373	0.325	0.188	3.946
170	1.373	0.325	0.250	3.946
171	1.373	0.325	0.296	3.945
test_index	loss	acc	batch_acc	perp
1	0.018	0.469	0.469	1.018
2	0.021	0.375	0.281	1.021
3	0.021	0.312	0.188	1.021
4	0.021	0.297	0.250	1.022
5	0.021	0.312	0.375	1.021
6	0.022	0.307	0.281	1.022
7	0.022	0.312	0.344	1.022
8	0.021	0.309	0.281	1.022
9	0.021	0.323	0.438	1.022
10	0.021	0.325	0.344	1.022
11	0.021	0.330	0.375	1.022
12	0.021	0.339	0.438	1.022
13	0.021	0.325	0.156	1.022
14	0.021	0.333	0.438	1.022
15	0.022	0.329	0.281	1.022
16	0.022	0.324	0.250	1.022
17	0.022	0.327	0.375	1.022
18	0.022	0.328	0.344	1.022
19	0.022	0.326	0.281	1.022
20	0.022	0.336	0.531	1.022
21	0.022	0.342	0.469	1.022
22	0.022	0.347	0.438	1.022
23	0.022	0.336	0.094	1.022
24	0.022	0.339	0.406	1.022
25	0.022	0.341	0.406	1.022
26	0.022	0.346	0.469	1.022
27	0.022	0.340	0.188	1.022
28	0.022	0.339	0.312	1.022
29	0.022	0.337	0.281	1.022
30	0.022	0.333	0.219	1.022
31	0.022	0.333	0.312	1.022
32	0.022	0.334	0.375	1.022
33	0.022	0.335	0.375	1.022
34	0.022	0.337	0.406	1.022
35	0.022	0.335	0.250	1.022
36	0.022	0.334	0.312	1.022
37	0.022	0.337	0.438	1.022
38	0.022	0.341	0.500	1.022
39	0.022	0.340	0.281	1.022
40	0.022	0.338	0.281	1.022
41	0.022	0.340	0.406	1.022
42	0.022	0.336	0.188	1.022
43	0.022	0.335	0.281	1.022
44	0.022	0.334	0.281	1.022
45	0.022	0.331	0.188	1.022
46	0.022	0.330	0.312	1.022
47	0.022	0.330	0.312	1.022
48	0.022	0.333	0.469	1.022
49	0.022	0.333	0.344	1.022
50	0.022	0.333	0.312	1.022
51	0.022	0.333	0.375	1.022
52	0.022	0.332	0.250	1.022
53	0.022	0.333	0.375	1.022
54	0.022	0.334	0.438	1.022
55	0.022	0.334	0.281	1.022
56	0.022	0.333	0.312	1.022
57	0.022	0.333	0.312	1.022
58	0.022	0.333	0.344	1.022
59	0.022	0.333	0.344	1.022
60	0.022	0.333	0.344	1.022
61	0.022	0.335	0.438	1.022
62	0.022	0.337	0.469	1.022
63	0.022	0.338	0.406	1.022
64	0.022	0.339	0.406	1.022
65	0.022	0.341	0.469	1.022
66	0.022	0.342	0.375	1.022
67	0.022	0.342	0.344	1.022
68	0.022	0.344	0.469	1.022
69	0.022	0.342	0.250	1.022
70	0.022	0.341	0.219	1.022
71	0.022	0.345	0.625	1.022
72	0.022	0.344	0.312	1.022
73	0.022	0.345	0.375	1.022
74	0.022	0.345	0.344	1.022
75	0.021	0.346	0.438	1.022
76	0.021	0.349	0.562	1.022
77	0.021	0.350	0.438	1.022
78	0.021	0.350	0.344	1.022
79	0.021	0.352	0.562	1.022
80	0.021	0.353	0.375	1.022
81	0.021	0.352	0.312	1.022
82	0.021	0.354	0.500	1.022
83	0.021	0.352	0.188	1.022
84	0.021	0.351	0.250	1.022
85	0.021	0.350	0.281	1.022
86	0.021	0.349	0.250	1.022
87	0.021	0.349	0.375	1.022
88	0.021	0.348	0.219	1.022
89	0.021	0.348	0.344	1.022
90	0.021	0.348	0.344	1.022
91	0.021	0.348	0.406	1.022
92	0.021	0.348	0.312	1.022
93	0.021	0.349	0.500	1.022
94	0.021	0.349	0.312	1.022
95	0.021	0.347	0.188	1.022
96	0.021	0.348	0.438	1.022
97	0.021	0.350	0.500	1.022
98	0.021	0.349	0.281	1.022
99	0.021	0.349	0.344	1.022
100	0.021	0.351	0.531	1.022
101	0.021	0.352	0.438	1.022
102	0.021	0.351	0.281	1.022
103	0.021	0.351	0.344	1.022
104	0.021	0.350	0.219	1.022
105	0.021	0.349	0.312	1.022
106	0.021	0.349	0.281	1.022
107	0.021	0.349	0.406	1.022
108	0.021	0.349	0.344	1.022
109	0.021	0.348	0.250	1.022
110	0.021	0.348	0.312	1.022
111	0.021	0.347	0.250	1.022
112	0.021	0.346	0.250	1.022
113	0.021	0.345	0.156	1.022
114	0.021	0.344	0.312	1.022
115	0.022	0.343	0.250	1.022
116	0.022	0.342	0.188	1.022
117	0.022	0.342	0.312	1.022
118	0.022	0.341	0.250	1.022
119	0.022	0.341	0.281	1.022
120	0.022	0.339	0.125	1.022
121	0.022	0.338	0.281	1.022
122	0.022	0.337	0.156	1.022
123	0.022	0.336	0.281	1.022
124	0.022	0.337	0.406	1.022
125	0.022	0.337	0.344	1.022
126	0.022	0.336	0.219	1.022
127	0.022	0.335	0.219	1.022
128	0.022	0.335	0.375	1.022
129	0.022	0.335	0.219	1.022
130	0.022	0.334	0.219	1.022
131	0.022	0.334	0.375	1.022
132	0.022	0.335	0.469	1.022
133	0.022	0.335	0.375	1.022
134	0.022	0.335	0.312	1.022
135	0.022	0.336	0.406	1.022
136	0.022	0.337	0.469	1.022
137	0.022	0.336	0.250	1.022
138	0.022	0.336	0.312	1.022
139	0.022	0.336	0.375	1.022
140	0.022	0.336	0.312	1.022
141	0.022	0.336	0.281	1.022
142	0.022	0.335	0.312	1.022
143	0.022	0.335	0.281	1.022
144	0.022	0.335	0.281	1.022
145	0.022	0.334	0.219	1.022
146	0.022	0.333	0.219	1.022
147	0.022	0.333	0.312	1.022
148	0.022	0.333	0.281	1.022
149	0.022	0.332	0.312	1.022
150	0.022	0.332	0.219	1.022
151	0.022	0.332	0.406	1.022
152	0.022	0.334	0.562	1.022
153	0.022	0.333	0.219	1.022
154	0.022	0.333	0.344	1.022
155	0.022	0.333	0.406	1.022
156	0.022	0.333	0.250	1.022
157	0.022	0.333	0.406	1.022
158	0.022	0.333	0.344	1.022
159	0.022	0.333	0.281	1.022
160	0.022	0.333	0.375	1.022
161	0.022	0.333	0.281	1.022
162	0.022	0.333	0.250	1.022
163	0.022	0.332	0.312	1.022
164	0.022	0.333	0.375	1.022
165	0.022	0.332	0.281	1.022
166	0.022	0.332	0.312	1.022
167	0.022	0.332	0.344	1.022
168	0.022	0.333	0.406	1.022
169	0.022	0.333	0.312	1.022
170	0.022	0.332	0.219	1.022
