train_index	loss	acc	batch_acc	perp
1	2.892	0.044	0.044	18.031
2	2.876	0.050	0.056	17.751
3	2.865	0.077	0.131	17.553
4	2.855	0.073	0.062	17.367
5	2.842	0.079	0.100	17.144
6	2.835	0.086	0.125	17.027
7	2.824	0.091	0.119	16.846
8	2.819	0.090	0.081	16.753
9	2.812	0.091	0.100	16.637
10	2.807	0.094	0.119	16.555
11	2.799	0.097	0.131	16.426
12	2.791	0.098	0.106	16.304
13	2.786	0.099	0.106	16.210
14	2.785	0.099	0.106	16.194
15	2.784	0.099	0.100	16.187
16	2.781	0.098	0.087	16.142
17	2.781	0.096	0.062	16.133
18	2.777	0.098	0.119	16.075
19	2.777	0.097	0.087	16.072
20	2.773	0.097	0.106	16.010
21	2.770	0.099	0.119	15.953
22	2.768	0.097	0.069	15.935
23	2.769	0.096	0.069	15.936
24	2.766	0.096	0.100	15.901
25	2.765	0.098	0.138	15.875
26	2.763	0.098	0.100	15.854
27	2.763	0.098	0.112	15.849
28	2.760	0.099	0.119	15.796
29	2.757	0.102	0.169	15.755
30	2.756	0.102	0.112	15.731
31	2.755	0.102	0.112	15.728
32	2.756	0.101	0.062	15.735
33	2.754	0.102	0.144	15.700
34	2.753	0.103	0.119	15.691
35	2.753	0.103	0.100	15.685
36	2.751	0.102	0.075	15.653
37	2.751	0.101	0.081	15.659
38	2.751	0.101	0.100	15.659
39	2.753	0.100	0.056	15.687
40	2.751	0.101	0.125	15.659
41	2.751	0.102	0.138	15.652
42	2.750	0.102	0.112	15.641
43	2.747	0.104	0.181	15.599
44	2.747	0.103	0.056	15.602
45	2.748	0.102	0.062	15.606
46	2.749	0.101	0.075	15.623
47	2.749	0.101	0.081	15.621
48	2.749	0.100	0.056	15.621
49	2.749	0.099	0.081	15.620
50	2.746	0.100	0.138	15.583
51	2.747	0.100	0.100	15.590
52	2.746	0.101	0.119	15.584
53	2.746	0.100	0.075	15.574
54	2.744	0.100	0.112	15.554
55	2.744	0.100	0.100	15.551
56	2.743	0.100	0.100	15.533
57	2.742	0.101	0.119	15.520
58	2.741	0.101	0.144	15.498
59	2.739	0.102	0.125	15.476
60	2.739	0.102	0.094	15.473
61	2.738	0.101	0.087	15.456
62	2.737	0.101	0.087	15.448
63	2.737	0.102	0.131	15.446
64	2.737	0.103	0.162	15.434
65	2.736	0.103	0.106	15.420
66	2.735	0.103	0.100	15.404
67	2.734	0.103	0.144	15.387
68	2.733	0.103	0.119	15.372
69	2.732	0.103	0.069	15.366
70	2.731	0.103	0.087	15.354
71	2.731	0.104	0.175	15.342
72	2.730	0.104	0.119	15.340
73	2.729	0.104	0.100	15.322
74	2.730	0.104	0.119	15.326
75	2.729	0.104	0.119	15.325
76	2.730	0.105	0.144	15.328
77	2.729	0.105	0.138	15.315
78	2.728	0.106	0.150	15.303
79	2.727	0.106	0.100	15.292
80	2.727	0.106	0.125	15.285
81	2.726	0.106	0.144	15.275
82	2.727	0.106	0.075	15.280
83	2.726	0.106	0.131	15.275
84	2.726	0.106	0.087	15.267
85	2.725	0.106	0.125	15.262
86	2.725	0.106	0.112	15.252
87	2.724	0.106	0.069	15.248
88	2.724	0.106	0.106	15.240
89	2.724	0.106	0.112	15.235
90	2.723	0.106	0.119	15.225
91	2.723	0.106	0.100	15.225
92	2.722	0.107	0.144	15.208
93	2.722	0.107	0.106	15.212
94	2.722	0.106	0.075	15.213
95	2.722	0.106	0.119	15.211
96	2.721	0.107	0.138	15.201
97	2.721	0.107	0.100	15.192
98	2.721	0.107	0.112	15.195
99	2.720	0.106	0.081	15.184
100	2.720	0.106	0.094	15.181
101	2.719	0.106	0.112	15.170
102	2.719	0.106	0.112	15.160
103	2.718	0.107	0.150	15.145
104	2.717	0.107	0.131	15.136
105	2.716	0.107	0.131	15.125
106	2.716	0.107	0.094	15.114
107	2.715	0.107	0.106	15.112
108	2.716	0.107	0.119	15.112
109	2.715	0.108	0.162	15.099
110	2.714	0.108	0.106	15.095
111	2.714	0.108	0.087	15.094
112	2.714	0.108	0.156	15.090
113	2.713	0.108	0.131	15.080
114	2.713	0.109	0.156	15.069
115	2.712	0.109	0.112	15.065
116	2.712	0.109	0.138	15.061
117	2.712	0.109	0.087	15.057
118	2.711	0.109	0.175	15.047
119	2.711	0.109	0.125	15.043
120	2.710	0.110	0.138	15.026
121	2.709	0.110	0.119	15.016
122	2.708	0.110	0.131	15.006
123	2.709	0.110	0.162	15.010
124	2.709	0.110	0.119	15.008
125	2.708	0.110	0.112	14.999
126	2.708	0.111	0.169	14.992
127	2.708	0.111	0.112	14.993
128	2.708	0.111	0.100	14.994
129	2.708	0.111	0.119	14.992
130	2.707	0.111	0.138	14.986
131	2.707	0.111	0.087	14.981
132	2.706	0.111	0.138	14.974
133	2.705	0.111	0.156	14.961
134	2.705	0.112	0.144	14.952
135	2.704	0.112	0.112	14.941
136	2.704	0.112	0.138	14.935
137	2.704	0.112	0.081	14.932
138	2.703	0.112	0.181	14.920
139	2.703	0.112	0.075	14.920
140	2.702	0.112	0.131	14.913
141	2.702	0.112	0.119	14.906
142	2.701	0.112	0.125	14.899
143	2.701	0.113	0.181	14.891
144	2.700	0.113	0.144	14.883
145	2.699	0.113	0.200	14.870
146	2.699	0.114	0.119	14.868
147	2.698	0.114	0.188	14.851
148	2.697	0.114	0.150	14.841
149	2.698	0.114	0.112	14.845
150	2.697	0.114	0.125	14.839
151	2.697	0.114	0.100	14.836
152	2.697	0.114	0.094	14.832
153	2.696	0.114	0.081	14.826
154	2.696	0.114	0.200	14.815
155	2.695	0.115	0.188	14.803
156	2.694	0.115	0.194	14.790
157	2.693	0.116	0.150	14.775
158	2.693	0.116	0.112	14.769
159	2.692	0.116	0.125	14.761
160	2.692	0.116	0.144	14.757
161	2.691	0.116	0.188	14.744
162	2.690	0.117	0.162	14.735
163	2.690	0.117	0.162	14.724
164	2.689	0.117	0.144	14.715
165	2.688	0.117	0.144	14.705
166	2.688	0.117	0.138	14.697
167	2.687	0.118	0.162	14.684
168	2.686	0.118	0.125	14.677
169	2.686	0.118	0.144	14.668
170	2.685	0.118	0.138	14.659
171	2.684	0.118	0.163	14.644
1	2.488	0.169	0.169	12.033
2	2.499	0.166	0.162	12.172
3	2.517	0.169	0.175	12.390
4	2.517	0.173	0.188	12.387
5	2.543	0.170	0.156	12.722
6	2.542	0.162	0.125	12.707
7	2.536	0.164	0.175	12.634
8	2.525	0.171	0.219	12.490
9	2.538	0.167	0.138	12.655
10	2.537	0.171	0.206	12.645
11	2.545	0.172	0.181	12.742
12	2.540	0.174	0.194	12.686
13	2.545	0.170	0.119	12.742
14	2.549	0.164	0.087	12.800
15	2.555	0.160	0.100	12.873
16	2.553	0.162	0.200	12.846
17	2.553	0.162	0.162	12.840
18	2.553	0.160	0.131	12.851
19	2.553	0.162	0.181	12.843
20	2.552	0.160	0.138	12.834
21	2.553	0.158	0.119	12.851
22	2.553	0.160	0.188	12.852
23	2.557	0.157	0.100	12.899
24	2.557	0.156	0.125	12.891
25	2.557	0.154	0.100	12.895
26	2.555	0.152	0.119	12.877
27	2.556	0.150	0.100	12.880
28	2.554	0.150	0.156	12.862
29	2.554	0.150	0.131	12.856
30	2.553	0.151	0.175	12.840
31	2.552	0.151	0.162	12.837
32	2.553	0.149	0.081	12.850
33	2.554	0.148	0.119	12.853
34	2.552	0.148	0.162	12.838
35	2.554	0.149	0.162	12.853
36	2.553	0.149	0.169	12.852
37	2.552	0.149	0.144	12.839
38	2.551	0.149	0.150	12.822
39	2.550	0.149	0.156	12.808
40	2.550	0.149	0.144	12.802
41	2.550	0.148	0.106	12.810
42	2.548	0.149	0.169	12.786
43	2.545	0.150	0.219	12.747
44	2.544	0.151	0.169	12.727
45	2.542	0.152	0.200	12.699
46	2.542	0.152	0.156	12.705
47	2.541	0.152	0.162	12.695
48	2.542	0.152	0.144	12.704
49	2.542	0.152	0.156	12.707
50	2.543	0.151	0.087	12.721
51	2.544	0.150	0.138	12.726
52	2.543	0.151	0.169	12.712
53	2.543	0.151	0.138	12.712
54	2.542	0.151	0.169	12.700
55	2.539	0.152	0.213	12.673
56	2.539	0.152	0.138	12.669
57	2.536	0.153	0.231	12.635
58	2.537	0.153	0.125	12.638
59	2.536	0.152	0.125	12.627
60	2.534	0.152	0.112	12.609
61	2.533	0.151	0.138	12.596
62	2.532	0.152	0.169	12.582
63	2.531	0.152	0.175	12.566
64	2.530	0.152	0.181	12.550
65	2.529	0.152	0.138	12.542
66	2.528	0.152	0.162	12.524
67	2.526	0.153	0.175	12.507
68	2.525	0.153	0.156	12.494
69	2.525	0.153	0.144	12.486
70	2.523	0.153	0.150	12.468
71	2.523	0.152	0.106	12.466
72	2.522	0.152	0.181	12.458
73	2.521	0.153	0.206	12.441
74	2.521	0.153	0.112	12.442
75	2.520	0.152	0.125	12.427
76	2.520	0.152	0.119	12.435
77	2.519	0.152	0.175	12.420
78	2.519	0.152	0.125	12.420
79	2.518	0.152	0.200	12.406
80	2.518	0.152	0.162	12.401
81	2.517	0.152	0.150	12.389
82	2.517	0.152	0.125	12.394
83	2.517	0.152	0.156	12.385
84	2.517	0.152	0.138	12.388
85	2.515	0.153	0.225	12.367
86	2.514	0.153	0.169	12.355
87	2.513	0.153	0.162	12.344
88	2.514	0.153	0.106	12.349
89	2.513	0.153	0.162	12.345
90	2.513	0.153	0.156	12.338
91	2.512	0.153	0.200	12.325
92	2.511	0.153	0.144	12.319
93	2.511	0.153	0.162	12.315
94	2.510	0.153	0.162	12.304
95	2.509	0.153	0.162	12.292
96	2.509	0.154	0.169	12.288
97	2.509	0.153	0.125	12.289
98	2.508	0.154	0.188	12.275
99	2.508	0.153	0.138	12.282
100	2.508	0.153	0.131	12.279
101	2.507	0.153	0.125	12.273
102	2.507	0.153	0.138	12.264
103	2.506	0.153	0.138	12.260
104	2.506	0.152	0.112	12.256
105	2.505	0.152	0.150	12.249
106	2.505	0.152	0.175	12.246
107	2.504	0.152	0.144	12.237
108	2.504	0.152	0.162	12.229
109	2.503	0.153	0.162	12.221
110	2.502	0.153	0.231	12.204
111	2.501	0.153	0.175	12.193
112	2.501	0.153	0.144	12.195
113	2.500	0.153	0.150	12.186
114	2.499	0.153	0.144	12.175
115	2.498	0.153	0.150	12.163
116	2.498	0.153	0.131	12.158
117	2.497	0.153	0.162	12.149
118	2.497	0.153	0.150	12.146
119	2.497	0.153	0.156	12.144
120	2.496	0.154	0.200	12.133
121	2.495	0.154	0.150	12.122
122	2.495	0.154	0.156	12.123
123	2.495	0.154	0.156	12.116
124	2.494	0.154	0.169	12.106
125	2.493	0.154	0.175	12.103
126	2.493	0.154	0.169	12.098
127	2.493	0.154	0.138	12.092
128	2.492	0.154	0.119	12.091
129	2.492	0.154	0.162	12.089
130	2.491	0.154	0.162	12.078
131	2.490	0.154	0.219	12.065
132	2.490	0.154	0.131	12.061
133	2.489	0.154	0.169	12.054
134	2.488	0.155	0.213	12.043
135	2.489	0.154	0.131	12.048
136	2.489	0.154	0.144	12.052
137	2.488	0.155	0.194	12.043
138	2.488	0.155	0.162	12.032
139	2.487	0.155	0.138	12.027
140	2.487	0.155	0.181	12.030
141	2.488	0.155	0.131	12.031
142	2.487	0.154	0.144	12.029
143	2.487	0.154	0.131	12.028
144	2.488	0.154	0.131	12.035
145	2.488	0.154	0.144	12.036
146	2.488	0.154	0.144	12.033
147	2.487	0.154	0.150	12.028
148	2.487	0.154	0.131	12.022
149	2.486	0.154	0.181	12.016
150	2.486	0.154	0.094	12.017
151	2.486	0.153	0.112	12.018
152	2.486	0.154	0.213	12.016
153	2.486	0.154	0.131	12.014
154	2.486	0.154	0.169	12.012
155	2.485	0.154	0.200	12.003
156	2.485	0.154	0.144	12.000
157	2.485	0.154	0.106	12.000
158	2.485	0.154	0.162	12.005
159	2.485	0.154	0.150	12.005
160	2.485	0.153	0.094	12.004
161	2.485	0.153	0.175	12.001
162	2.485	0.153	0.138	11.999
163	2.485	0.153	0.125	11.995
164	2.484	0.153	0.150	11.995
165	2.484	0.153	0.188	11.988
166	2.484	0.153	0.175	11.988
167	2.484	0.154	0.169	11.987
168	2.484	0.154	0.169	11.987
169	2.484	0.153	0.106	11.986
170	2.484	0.153	0.156	11.986
171	2.483	0.153	0.163	11.983
1	2.456	0.144	0.144	11.655
2	2.439	0.156	0.169	11.466
3	2.406	0.152	0.144	11.085
4	2.408	0.156	0.169	11.107
5	2.405	0.154	0.144	11.081
6	2.425	0.153	0.150	11.308
7	2.423	0.155	0.169	11.278
8	2.421	0.159	0.188	11.263
9	2.421	0.157	0.138	11.253
10	2.418	0.157	0.156	11.227
11	2.418	0.155	0.138	11.227
12	2.422	0.157	0.175	11.270
13	2.428	0.157	0.156	11.337
14	2.431	0.155	0.131	11.373
15	2.433	0.156	0.175	11.395
16	2.427	0.159	0.206	11.320
17	2.426	0.160	0.162	11.318
18	2.431	0.159	0.144	11.375
19	2.433	0.159	0.162	11.393
20	2.430	0.162	0.231	11.361
21	2.427	0.163	0.181	11.330
22	2.425	0.164	0.175	11.300
23	2.424	0.164	0.175	11.287
24	2.424	0.163	0.131	11.285
25	2.426	0.162	0.131	11.319
26	2.425	0.161	0.150	11.299
27	2.425	0.162	0.181	11.300
28	2.424	0.161	0.144	11.289
29	2.425	0.160	0.131	11.301
30	2.423	0.162	0.206	11.280
31	2.422	0.162	0.181	11.269
32	2.420	0.164	0.206	11.249
33	2.419	0.164	0.169	11.230
34	2.418	0.164	0.162	11.227
35	2.414	0.167	0.269	11.180
36	2.417	0.166	0.144	11.215
37	2.422	0.165	0.100	11.272
38	2.421	0.166	0.237	11.253
39	2.421	0.167	0.175	11.257
40	2.422	0.167	0.194	11.264
41	2.422	0.168	0.181	11.263
42	2.421	0.167	0.156	11.260
43	2.420	0.167	0.156	11.250
44	2.419	0.168	0.194	11.238
45	2.420	0.167	0.131	11.242
46	2.420	0.168	0.225	11.245
47	2.421	0.168	0.156	11.259
48	2.421	0.167	0.125	11.259
49	2.418	0.168	0.219	11.229
50	2.420	0.168	0.138	11.246
51	2.420	0.168	0.206	11.240
52	2.419	0.169	0.181	11.233
53	2.418	0.168	0.156	11.227
54	2.419	0.167	0.125	11.231
55	2.417	0.168	0.188	11.210
56	2.417	0.168	0.175	11.214
57	2.418	0.168	0.169	11.222
58	2.419	0.168	0.156	11.229
59	2.419	0.168	0.200	11.231
60	2.420	0.168	0.144	11.249
61	2.421	0.167	0.119	11.252
62	2.420	0.168	0.237	11.243
63	2.419	0.169	0.219	11.238
64	2.419	0.169	0.181	11.231
65	2.417	0.169	0.181	11.209
66	2.417	0.169	0.169	11.215
67	2.416	0.170	0.194	11.200
68	2.416	0.169	0.131	11.197
69	2.415	0.170	0.194	11.194
70	2.415	0.169	0.150	11.195
71	2.416	0.170	0.200	11.199
72	2.415	0.170	0.200	11.192
73	2.415	0.170	0.175	11.194
74	2.416	0.170	0.162	11.197
75	2.414	0.171	0.237	11.180
76	2.413	0.171	0.175	11.167
77	2.414	0.171	0.181	11.178
78	2.414	0.171	0.150	11.177
79	2.412	0.172	0.244	11.159
80	2.413	0.172	0.150	11.165
81	2.413	0.172	0.175	11.171
82	2.413	0.171	0.156	11.168
83	2.414	0.171	0.144	11.177
84	2.413	0.171	0.188	11.171
85	2.414	0.171	0.144	11.176
86	2.413	0.172	0.225	11.168
87	2.413	0.171	0.156	11.170
88	2.413	0.171	0.144	11.172
89	2.412	0.171	0.200	11.162
90	2.412	0.172	0.200	11.157
91	2.411	0.172	0.213	11.144
92	2.411	0.172	0.144	11.142
93	2.410	0.172	0.169	11.137
94	2.410	0.171	0.138	11.138
95	2.412	0.171	0.162	11.153
96	2.412	0.171	0.150	11.154
97	2.411	0.172	0.250	11.149
98	2.411	0.172	0.213	11.141
99	2.411	0.173	0.200	11.148
100	2.412	0.172	0.119	11.154
101	2.411	0.172	0.169	11.149
102	2.412	0.172	0.162	11.160
103	2.413	0.172	0.188	11.166
104	2.412	0.172	0.188	11.160
105	2.412	0.172	0.194	11.158
106	2.412	0.173	0.188	11.158
107	2.412	0.173	0.194	11.154
108	2.411	0.173	0.194	11.149
109	2.412	0.173	0.175	11.153
110	2.412	0.173	0.162	11.157
111	2.412	0.173	0.156	11.159
112	2.412	0.173	0.194	11.156
113	2.412	0.173	0.156	11.158
114	2.412	0.173	0.175	11.156
115	2.412	0.173	0.150	11.160
116	2.412	0.172	0.150	11.155
117	2.412	0.173	0.181	11.159
118	2.412	0.173	0.175	11.159
119	2.412	0.173	0.181	11.159
120	2.413	0.172	0.150	11.165
121	2.413	0.172	0.162	11.165
122	2.412	0.172	0.181	11.160
123	2.413	0.172	0.106	11.165
124	2.413	0.172	0.194	11.166
125	2.413	0.172	0.181	11.162
126	2.412	0.172	0.188	11.156
127	2.412	0.172	0.169	11.158
128	2.412	0.172	0.162	11.156
129	2.411	0.172	0.200	11.145
130	2.411	0.172	0.138	11.149
131	2.412	0.172	0.200	11.151
132	2.412	0.172	0.156	11.161
133	2.413	0.172	0.156	11.168
134	2.413	0.172	0.138	11.171
135	2.413	0.172	0.131	11.170
136	2.413	0.172	0.200	11.165
137	2.413	0.172	0.175	11.162
138	2.412	0.172	0.162	11.161
139	2.412	0.172	0.181	11.158
140	2.411	0.172	0.250	11.150
141	2.411	0.172	0.162	11.148
142	2.411	0.173	0.244	11.140
143	2.411	0.172	0.112	11.140
144	2.411	0.173	0.206	11.140
145	2.410	0.173	0.244	11.132
146	2.410	0.173	0.169	11.133
147	2.409	0.173	0.200	11.127
148	2.409	0.173	0.169	11.120
149	2.408	0.173	0.138	11.117
150	2.408	0.173	0.206	11.111
151	2.408	0.173	0.162	11.116
152	2.408	0.173	0.219	11.108
153	2.408	0.173	0.175	11.111
154	2.408	0.174	0.194	11.110
155	2.408	0.174	0.200	11.108
156	2.408	0.174	0.169	11.109
157	2.408	0.173	0.112	11.112
158	2.407	0.174	0.231	11.105
159	2.407	0.174	0.181	11.103
160	2.407	0.173	0.138	11.103
161	2.408	0.173	0.112	11.111
162	2.408	0.173	0.156	11.110
163	2.407	0.173	0.206	11.105
164	2.408	0.173	0.144	11.108
165	2.408	0.173	0.150	11.112
166	2.408	0.173	0.200	11.113
167	2.409	0.173	0.106	11.118
168	2.409	0.173	0.162	11.123
169	2.409	0.173	0.181	11.120
170	2.409	0.173	0.156	11.119
171	2.409	0.173	0.185	11.117
test_index	loss	acc	batch_acc	perp
1	1.346	0.606	0.606	3.843
2	1.753	0.456	0.306	5.774
3	1.995	0.348	0.131	7.353
4	2.124	0.292	0.125	8.368
5	2.196	0.262	0.144	8.989
6	2.247	0.240	0.125	9.464
7	2.275	0.229	0.162	9.729
8	2.303	0.217	0.138	10.007
9	2.318	0.213	0.181	10.151
10	2.327	0.211	0.188	10.246
11	2.344	0.201	0.106	10.423
12	2.351	0.196	0.138	10.493
13	2.354	0.193	0.156	10.523
14	2.363	0.186	0.100	10.627
15	2.370	0.185	0.169	10.698
16	2.380	0.181	0.119	10.804
17	2.381	0.179	0.156	10.821
18	2.382	0.183	0.244	10.825
19	2.386	0.180	0.125	10.870
20	2.391	0.178	0.150	10.923
21	2.393	0.177	0.156	10.951
22	2.395	0.177	0.162	10.969
23	2.394	0.177	0.188	10.962
24	2.399	0.176	0.150	11.009
25	2.405	0.173	0.106	11.080
26	2.408	0.173	0.156	11.115
27	2.413	0.172	0.144	11.164
28	2.416	0.169	0.106	11.199
29	2.415	0.169	0.162	11.193
30	2.418	0.167	0.106	11.228
31	2.421	0.166	0.138	11.253
32	2.423	0.165	0.150	11.275
33	2.425	0.166	0.188	11.301
34	2.425	0.166	0.175	11.297
35	2.424	0.167	0.188	11.291
36	2.427	0.166	0.150	11.327
37	2.424	0.169	0.250	11.289
38	2.420	0.170	0.231	11.250
39	2.422	0.169	0.125	11.267
40	2.422	0.169	0.162	11.269
41	2.417	0.171	0.231	11.214
42	2.419	0.170	0.131	11.238
43	2.418	0.171	0.219	11.219
44	2.412	0.173	0.250	11.157
45	2.414	0.171	0.106	11.173
46	2.413	0.171	0.181	11.164
47	2.409	0.172	0.200	11.126
48	2.411	0.171	0.138	11.150
49	2.411	0.172	0.200	11.142
50	2.404	0.174	0.275	11.071
51	2.401	0.175	0.250	11.032
52	2.404	0.174	0.125	11.063
53	2.403	0.175	0.206	11.054
54	2.396	0.178	0.350	10.974
55	2.396	0.177	0.138	10.978
56	2.397	0.177	0.144	10.994
57	2.394	0.179	0.281	10.952
58	2.390	0.179	0.213	10.914
59	2.392	0.179	0.144	10.937
60	2.393	0.179	0.181	10.947
61	2.390	0.181	0.294	10.909
62	2.389	0.181	0.219	10.901
63	2.391	0.181	0.169	10.928
64	2.391	0.181	0.188	10.921
65	2.387	0.182	0.225	10.884
66	2.388	0.181	0.144	10.888
67	2.389	0.181	0.162	10.898
68	2.387	0.182	0.244	10.884
69	2.385	0.183	0.256	10.860
70	2.387	0.182	0.144	10.878
71	2.386	0.183	0.219	10.867
72	2.383	0.183	0.175	10.838
73	2.383	0.183	0.206	10.838
74	2.384	0.183	0.194	10.853
75	2.384	0.183	0.181	10.848
76	2.380	0.185	0.281	10.809
77	2.380	0.184	0.144	10.810
78	2.381	0.184	0.188	10.814
79	2.377	0.186	0.344	10.771
80	2.377	0.186	0.162	10.774
81	2.379	0.185	0.138	10.795
82	2.377	0.186	0.256	10.770
83	2.374	0.187	0.250	10.743
84	2.375	0.187	0.169	10.746
85	2.376	0.186	0.162	10.759
86	2.372	0.188	0.344	10.722
87	2.372	0.188	0.194	10.719
88	2.373	0.188	0.169	10.731
89	2.373	0.188	0.169	10.734
90	2.370	0.189	0.312	10.697
91	2.371	0.189	0.156	10.711
92	2.372	0.189	0.175	10.718
93	2.369	0.190	0.294	10.689
94	2.368	0.190	0.244	10.675
95	2.369	0.190	0.125	10.690
96	2.367	0.191	0.275	10.669
97	2.365	0.191	0.225	10.649
98	2.366	0.190	0.138	10.656
99	2.367	0.190	0.144	10.664
100	2.365	0.190	0.244	10.643
101	2.362	0.191	0.250	10.613
102	2.363	0.191	0.156	10.618
103	2.364	0.190	0.144	10.631
104	2.363	0.191	0.237	10.619
105	2.362	0.190	0.144	10.612
106	2.363	0.190	0.112	10.626
107	2.364	0.189	0.175	10.636
108	2.362	0.190	0.300	10.614
109	2.363	0.190	0.162	10.619
110	2.363	0.190	0.138	10.627
111	2.364	0.189	0.150	10.634
112	2.365	0.189	0.169	10.645
113	2.366	0.188	0.112	10.658
114	2.368	0.188	0.138	10.673
115	2.368	0.189	0.269	10.671
116	2.369	0.188	0.138	10.685
117	2.370	0.188	0.150	10.695
118	2.370	0.188	0.162	10.700
119	2.371	0.187	0.119	10.711
120	2.372	0.187	0.125	10.718
121	2.373	0.186	0.156	10.729
122	2.374	0.186	0.144	10.735
123	2.375	0.185	0.100	10.751
124	2.376	0.185	0.094	10.765
125	2.377	0.184	0.131	10.769
126	2.377	0.184	0.125	10.777
127	2.378	0.184	0.169	10.782
128	2.378	0.184	0.200	10.784
129	2.379	0.184	0.162	10.792
130	2.379	0.184	0.231	10.794
131	2.379	0.184	0.150	10.799
132	2.380	0.184	0.250	10.801
133	2.379	0.184	0.206	10.799
134	2.380	0.184	0.200	10.801
135	2.380	0.184	0.119	10.806
136	2.381	0.184	0.181	10.811
137	2.381	0.183	0.106	10.818
138	2.381	0.184	0.219	10.819
139	2.381	0.183	0.156	10.820
140	2.382	0.183	0.162	10.824
141	2.382	0.183	0.150	10.827
142	2.382	0.183	0.175	10.832
143	2.382	0.183	0.244	10.830
144	2.382	0.183	0.188	10.828
145	2.383	0.183	0.094	10.836
146	2.383	0.183	0.150	10.841
147	2.384	0.182	0.100	10.845
148	2.384	0.182	0.150	10.849
149	2.384	0.182	0.225	10.848
150	2.385	0.182	0.144	10.856
151	2.385	0.182	0.150	10.860
152	2.386	0.181	0.119	10.867
153	2.386	0.181	0.125	10.875
154	2.387	0.180	0.106	10.882
155	2.387	0.180	0.119	10.884
156	2.388	0.180	0.138	10.889
157	2.388	0.180	0.213	10.893
158	2.388	0.180	0.219	10.894
159	2.389	0.180	0.138	10.903
160	2.389	0.180	0.144	10.904
161	2.390	0.179	0.131	10.913
162	2.390	0.179	0.150	10.916
163	2.390	0.179	0.125	10.919
164	2.391	0.179	0.156	10.920
165	2.391	0.179	0.150	10.921
166	2.391	0.179	0.181	10.925
167	2.392	0.178	0.138	10.933
168	2.392	0.179	0.250	10.934
169	2.393	0.178	0.125	10.943
170	2.393	0.178	0.175	10.946
