train_index	loss	acc	batch_acc	perp
1	2.891	0.042	0.042	18.007
2	2.883	0.052	0.062	17.866
3	2.875	0.076	0.125	17.722
4	2.864	0.076	0.073	17.535
5	2.856	0.075	0.073	17.384
6	2.866	0.068	0.031	17.571
7	2.851	0.067	0.062	17.313
8	2.848	0.069	0.083	17.251
9	2.845	0.067	0.052	17.206
10	2.839	0.072	0.115	17.098
11	2.833	0.072	0.073	16.992
12	2.829	0.073	0.083	16.926
13	2.825	0.074	0.083	16.859
14	2.819	0.074	0.083	16.764
15	2.814	0.076	0.104	16.680
16	2.808	0.079	0.115	16.574
17	2.804	0.080	0.094	16.516
18	2.803	0.080	0.094	16.497
19	2.800	0.082	0.115	16.443
20	2.795	0.085	0.135	16.362
21	2.795	0.089	0.167	16.363
22	2.794	0.089	0.083	16.347
23	2.789	0.090	0.115	16.271
24	2.787	0.089	0.073	16.239
25	2.786	0.088	0.073	16.220
26	2.786	0.088	0.073	16.210
27	2.784	0.089	0.115	16.190
28	2.779	0.092	0.167	16.102
29	2.776	0.093	0.146	16.052
30	2.775	0.093	0.083	16.031
31	2.772	0.093	0.094	15.996
32	2.770	0.092	0.073	15.963
33	2.769	0.093	0.104	15.941
34	2.765	0.096	0.188	15.882
35	2.765	0.097	0.135	15.872
36	2.762	0.098	0.146	15.833
37	2.759	0.098	0.104	15.791
38	2.757	0.099	0.115	15.753
39	2.755	0.099	0.125	15.723
40	2.753	0.101	0.156	15.691
41	2.753	0.101	0.104	15.688
42	2.755	0.099	0.042	15.724
43	2.755	0.099	0.073	15.714
44	2.754	0.099	0.115	15.705
45	2.754	0.099	0.073	15.713
46	2.753	0.097	0.042	15.691
47	2.751	0.099	0.156	15.651
48	2.750	0.098	0.073	15.642
49	2.748	0.099	0.135	15.617
50	2.746	0.100	0.156	15.585
51	2.746	0.099	0.062	15.577
52	2.745	0.100	0.156	15.562
53	2.744	0.101	0.156	15.543
54	2.741	0.103	0.167	15.506
55	2.740	0.104	0.188	15.481
56	2.738	0.105	0.135	15.454
57	2.737	0.105	0.135	15.448
58	2.735	0.106	0.146	15.413
59	2.734	0.106	0.135	15.397
60	2.732	0.107	0.115	15.367
61	2.732	0.106	0.094	15.361
62	2.729	0.108	0.198	15.325
63	2.729	0.108	0.125	15.315
64	2.727	0.109	0.177	15.282
65	2.726	0.110	0.135	15.274
66	2.724	0.110	0.125	15.241
67	2.724	0.110	0.125	15.239
68	2.725	0.110	0.083	15.250
69	2.726	0.109	0.094	15.264
70	2.726	0.110	0.125	15.267
71	2.725	0.110	0.125	15.249
72	2.723	0.110	0.094	15.230
73	2.721	0.110	0.167	15.200
74	2.719	0.111	0.177	15.163
75	2.718	0.112	0.125	15.156
76	2.717	0.113	0.198	15.142
77	2.717	0.114	0.188	15.135
78	2.717	0.114	0.115	15.141
79	2.716	0.114	0.115	15.116
80	2.715	0.114	0.115	15.099
81	2.715	0.113	0.073	15.099
82	2.714	0.113	0.125	15.096
83	2.713	0.113	0.062	15.079
84	2.712	0.113	0.177	15.061
85	2.712	0.113	0.115	15.059
86	2.711	0.114	0.125	15.042
87	2.710	0.114	0.135	15.031
88	2.708	0.114	0.135	15.003
89	2.707	0.114	0.135	14.989
90	2.705	0.116	0.281	14.956
91	2.707	0.116	0.062	14.989
92	2.706	0.116	0.125	14.971
93	2.706	0.115	0.073	14.970
94	2.705	0.115	0.135	14.958
95	2.704	0.115	0.094	14.938
96	2.702	0.116	0.219	14.914
97	2.701	0.117	0.135	14.890
98	2.700	0.117	0.156	14.876
99	2.699	0.118	0.188	14.867
100	2.699	0.118	0.135	14.858
101	2.697	0.118	0.125	14.842
102	2.696	0.118	0.146	14.819
103	2.695	0.118	0.125	14.810
104	2.694	0.118	0.104	14.797
105	2.694	0.118	0.115	14.787
106	2.693	0.118	0.104	14.781
107	2.693	0.118	0.115	14.770
108	2.691	0.118	0.177	14.746
109	2.690	0.119	0.125	14.728
110	2.689	0.119	0.167	14.714
111	2.688	0.119	0.146	14.706
112	2.688	0.119	0.115	14.702
113	2.687	0.120	0.167	14.688
114	2.686	0.120	0.177	14.670
115	2.684	0.121	0.219	14.641
116	2.683	0.121	0.156	14.623
117	2.682	0.121	0.073	14.620
118	2.681	0.121	0.146	14.596
119	2.679	0.121	0.167	14.571
120	2.678	0.122	0.156	14.554
121	2.677	0.122	0.146	14.544
122	2.676	0.122	0.177	14.530
123	2.675	0.123	0.208	14.517
124	2.675	0.123	0.135	14.511
125	2.674	0.124	0.177	14.491
126	2.672	0.124	0.177	14.474
127	2.671	0.124	0.146	14.456
128	2.669	0.125	0.188	14.427
129	2.668	0.125	0.125	14.405
130	2.666	0.125	0.177	14.384
131	2.665	0.125	0.115	14.368
132	2.663	0.125	0.146	14.346
133	2.662	0.126	0.229	14.320
134	2.661	0.126	0.146	14.307
135	2.660	0.126	0.135	14.293
136	2.658	0.126	0.156	14.273
137	2.657	0.127	0.229	14.253
138	2.655	0.127	0.156	14.231
139	2.653	0.128	0.167	14.202
140	2.652	0.128	0.188	14.184
141	2.651	0.128	0.146	14.166
142	2.649	0.128	0.167	14.133
143	2.647	0.128	0.135	14.113
144	2.645	0.129	0.208	14.087
145	2.644	0.129	0.115	14.065
146	2.642	0.129	0.177	14.042
147	2.640	0.130	0.188	14.010
148	2.638	0.130	0.240	13.982
149	2.637	0.130	0.135	13.968
150	2.635	0.131	0.177	13.938
151	2.633	0.131	0.177	13.921
152	2.633	0.131	0.104	13.909
153	2.631	0.131	0.104	13.891
154	2.630	0.131	0.188	13.873
155	2.628	0.131	0.156	13.850
156	2.626	0.132	0.188	13.824
157	2.625	0.132	0.198	13.805
158	2.624	0.132	0.156	13.789
159	2.622	0.132	0.125	13.769
160	2.621	0.132	0.167	13.752
161	2.619	0.133	0.198	13.725
162	2.618	0.133	0.167	13.704
163	2.617	0.133	0.167	13.688
164	2.614	0.134	0.198	13.658
165	2.613	0.134	0.135	13.644
166	2.612	0.134	0.188	13.623
167	2.610	0.134	0.188	13.599
168	2.609	0.134	0.156	13.583
169	2.608	0.134	0.125	13.568
170	2.605	0.134	0.135	13.537
171	2.605	0.134	0.037	13.527
1	2.293	0.177	0.177	9.901
2	2.392	0.135	0.094	10.939
3	2.399	0.139	0.146	11.014
4	2.405	0.146	0.167	11.074
5	2.382	0.158	0.208	10.821
6	2.362	0.163	0.188	10.615
7	2.368	0.159	0.135	10.676
8	2.363	0.169	0.240	10.625
9	2.358	0.169	0.167	10.573
10	2.362	0.170	0.177	10.616
11	2.367	0.169	0.156	10.661
12	2.364	0.168	0.156	10.637
13	2.358	0.170	0.198	10.572
14	2.357	0.170	0.177	10.562
15	2.356	0.169	0.146	10.547
16	2.352	0.168	0.156	10.509
17	2.355	0.166	0.135	10.535
18	2.352	0.164	0.125	10.505
19	2.350	0.163	0.146	10.487
20	2.350	0.165	0.208	10.483
21	2.348	0.167	0.198	10.461
22	2.351	0.163	0.094	10.499
23	2.348	0.166	0.229	10.459
24	2.348	0.165	0.146	10.466
25	2.342	0.168	0.229	10.405
26	2.344	0.167	0.156	10.427
27	2.341	0.168	0.188	10.395
28	2.340	0.169	0.188	10.386
29	2.344	0.169	0.177	10.422
30	2.346	0.169	0.177	10.440
31	2.343	0.171	0.208	10.415
32	2.338	0.173	0.240	10.364
33	2.338	0.173	0.167	10.363
34	2.334	0.176	0.281	10.314
35	2.332	0.177	0.229	10.302
36	2.334	0.176	0.125	10.320
37	2.335	0.176	0.188	10.328
38	2.336	0.176	0.156	10.341
39	2.334	0.177	0.208	10.318
40	2.332	0.177	0.208	10.300
41	2.333	0.177	0.167	10.307
42	2.332	0.176	0.135	10.303
43	2.331	0.177	0.208	10.291
44	2.333	0.176	0.146	10.304
45	2.329	0.177	0.219	10.267
46	2.329	0.177	0.167	10.265
47	2.329	0.176	0.156	10.264
48	2.326	0.176	0.135	10.241
49	2.328	0.175	0.167	10.256
50	2.330	0.174	0.115	10.283
51	2.330	0.174	0.167	10.281
52	2.330	0.174	0.188	10.274
53	2.331	0.173	0.083	10.284
54	2.331	0.172	0.146	10.288
55	2.330	0.174	0.260	10.274
56	2.327	0.175	0.240	10.248
57	2.327	0.176	0.250	10.248
58	2.326	0.177	0.240	10.234
59	2.325	0.177	0.177	10.222
60	2.326	0.177	0.135	10.237
61	2.325	0.176	0.167	10.230
62	2.327	0.176	0.167	10.245
63	2.328	0.176	0.156	10.253
64	2.328	0.175	0.135	10.257
65	2.328	0.176	0.198	10.258
66	2.328	0.175	0.115	10.256
67	2.328	0.175	0.208	10.260
68	2.328	0.175	0.146	10.255
69	2.327	0.175	0.177	10.244
70	2.325	0.176	0.292	10.224
71	2.325	0.176	0.156	10.226
72	2.324	0.177	0.219	10.215
73	2.324	0.176	0.146	10.220
74	2.324	0.177	0.208	10.217
75	2.324	0.177	0.198	10.212
76	2.323	0.177	0.198	10.206
77	2.323	0.178	0.229	10.206
78	2.323	0.178	0.167	10.206
79	2.322	0.178	0.208	10.191
80	2.322	0.178	0.125	10.201
81	2.324	0.177	0.094	10.212
82	2.323	0.176	0.167	10.205
83	2.321	0.178	0.271	10.187
84	2.321	0.178	0.188	10.186
85	2.322	0.177	0.104	10.195
86	2.322	0.176	0.135	10.198
87	2.322	0.176	0.115	10.200
88	2.322	0.176	0.198	10.196
89	2.320	0.177	0.312	10.179
90	2.319	0.178	0.250	10.166
91	2.319	0.178	0.125	10.170
92	2.319	0.178	0.177	10.163
93	2.318	0.178	0.177	10.159
94	2.318	0.178	0.229	10.154
95	2.318	0.178	0.156	10.155
96	2.317	0.178	0.188	10.149
97	2.316	0.178	0.146	10.139
98	2.316	0.177	0.146	10.137
99	2.316	0.177	0.177	10.131
100	2.316	0.177	0.125	10.136
101	2.315	0.177	0.208	10.124
102	2.314	0.177	0.198	10.120
103	2.313	0.178	0.281	10.104
104	2.313	0.178	0.177	10.107
105	2.314	0.179	0.198	10.112
106	2.315	0.178	0.094	10.122
107	2.314	0.178	0.208	10.111
108	2.316	0.178	0.125	10.130
109	2.315	0.177	0.156	10.121
110	2.314	0.178	0.229	10.110
111	2.313	0.178	0.156	10.100
112	2.313	0.177	0.146	10.106
113	2.314	0.177	0.188	10.111
114	2.314	0.177	0.167	10.113
115	2.314	0.177	0.188	10.114
116	2.313	0.178	0.260	10.107
117	2.313	0.178	0.198	10.105
118	2.312	0.178	0.156	10.097
119	2.312	0.178	0.208	10.092
120	2.312	0.178	0.156	10.090
121	2.311	0.179	0.250	10.084
122	2.311	0.178	0.115	10.088
123	2.311	0.179	0.208	10.087
124	2.311	0.179	0.177	10.082
125	2.311	0.178	0.125	10.081
126	2.310	0.178	0.219	10.079
127	2.310	0.179	0.208	10.076
128	2.310	0.179	0.167	10.071
129	2.311	0.178	0.083	10.080
130	2.310	0.178	0.219	10.071
131	2.309	0.179	0.250	10.060
132	2.309	0.178	0.104	10.061
133	2.308	0.178	0.208	10.053
134	2.307	0.179	0.219	10.046
135	2.308	0.179	0.208	10.051
136	2.308	0.179	0.219	10.051
137	2.307	0.179	0.177	10.049
138	2.308	0.179	0.229	10.050
139	2.307	0.179	0.167	10.046
140	2.306	0.180	0.240	10.039
141	2.306	0.180	0.250	10.032
142	2.306	0.180	0.167	10.029
143	2.306	0.181	0.250	10.030
144	2.305	0.181	0.260	10.023
145	2.305	0.181	0.167	10.024
146	2.305	0.181	0.219	10.028
147	2.305	0.181	0.188	10.026
148	2.305	0.182	0.198	10.021
149	2.305	0.181	0.146	10.022
150	2.305	0.182	0.260	10.019
151	2.304	0.182	0.146	10.017
152	2.303	0.182	0.229	10.008
153	2.303	0.182	0.208	10.009
154	2.303	0.182	0.177	10.008
155	2.302	0.183	0.302	9.999
156	2.302	0.183	0.260	9.990
157	2.301	0.183	0.156	9.986
158	2.302	0.183	0.104	9.994
159	2.302	0.183	0.208	9.992
160	2.301	0.183	0.229	9.989
161	2.301	0.183	0.115	9.988
162	2.301	0.183	0.219	9.987
163	2.301	0.183	0.208	9.988
164	2.301	0.183	0.198	9.987
165	2.301	0.183	0.198	9.985
166	2.301	0.183	0.188	9.982
167	2.301	0.183	0.198	9.980
168	2.301	0.183	0.104	9.985
169	2.300	0.184	0.323	9.975
170	2.301	0.183	0.125	9.983
171	2.300	0.184	0.259	9.978
1	2.219	0.167	0.167	9.198
2	2.182	0.203	0.240	8.862
3	2.203	0.219	0.250	9.055
4	2.223	0.208	0.177	9.238
5	2.240	0.196	0.146	9.392
6	2.255	0.201	0.229	9.538
7	2.245	0.204	0.219	9.442
8	2.235	0.203	0.198	9.348
9	2.248	0.199	0.167	9.470
10	2.249	0.198	0.188	9.479
11	2.263	0.192	0.135	9.615
12	2.256	0.196	0.240	9.548
13	2.252	0.200	0.240	9.510
14	2.239	0.208	0.323	9.384
15	2.238	0.209	0.219	9.375
16	2.236	0.212	0.250	9.356
17	2.234	0.215	0.271	9.337
18	2.237	0.214	0.198	9.361
19	2.238	0.211	0.156	9.374
20	2.237	0.210	0.198	9.367
21	2.234	0.210	0.198	9.340
22	2.233	0.209	0.198	9.330
23	2.236	0.207	0.156	9.354
24	2.234	0.209	0.260	9.338
25	2.230	0.209	0.208	9.297
26	2.233	0.210	0.229	9.326
27	2.230	0.209	0.198	9.304
28	2.232	0.208	0.167	9.320
29	2.232	0.206	0.146	9.317
30	2.230	0.207	0.229	9.298
31	2.232	0.205	0.146	9.319
32	2.236	0.202	0.115	9.354
33	2.238	0.202	0.208	9.372
34	2.237	0.201	0.177	9.368
35	2.239	0.202	0.219	9.382
36	2.239	0.202	0.208	9.384
37	2.239	0.202	0.219	9.387
38	2.238	0.202	0.198	9.375
39	2.236	0.205	0.302	9.358
40	2.235	0.205	0.208	9.342
41	2.231	0.206	0.260	9.313
42	2.233	0.206	0.198	9.325
43	2.233	0.205	0.167	9.324
44	2.231	0.205	0.188	9.312
45	2.232	0.205	0.229	9.319
46	2.233	0.205	0.188	9.330
47	2.233	0.205	0.219	9.329
48	2.234	0.203	0.083	9.340
49	2.234	0.204	0.271	9.339
50	2.233	0.205	0.271	9.328
51	2.233	0.206	0.260	9.330
52	2.233	0.206	0.198	9.331
53	2.234	0.205	0.125	9.335
54	2.234	0.205	0.208	9.337
55	2.236	0.205	0.208	9.353
56	2.236	0.205	0.219	9.352
57	2.235	0.206	0.240	9.349
58	2.236	0.205	0.156	9.355
59	2.237	0.205	0.219	9.362
60	2.236	0.206	0.281	9.356
61	2.236	0.206	0.198	9.359
62	2.234	0.206	0.198	9.339
63	2.235	0.205	0.115	9.347
64	2.236	0.204	0.146	9.358
65	2.236	0.204	0.198	9.353
66	2.237	0.203	0.177	9.369
67	2.238	0.204	0.219	9.371
68	2.236	0.204	0.229	9.355
69	2.238	0.203	0.146	9.371
70	2.238	0.203	0.208	9.371
71	2.239	0.203	0.167	9.381
72	2.240	0.201	0.115	9.395
73	2.241	0.201	0.208	9.404
74	2.241	0.203	0.292	9.400
75	2.241	0.202	0.135	9.402
76	2.240	0.203	0.281	9.392
77	2.239	0.204	0.271	9.382
78	2.238	0.204	0.188	9.373
79	2.238	0.203	0.188	9.371
80	2.238	0.203	0.198	9.374
81	2.238	0.203	0.219	9.371
82	2.237	0.204	0.240	9.363
83	2.238	0.203	0.167	9.374
84	2.239	0.204	0.229	9.386
85	2.240	0.204	0.219	9.394
86	2.240	0.204	0.250	9.394
87	2.241	0.204	0.198	9.403
88	2.242	0.203	0.062	9.417
89	2.241	0.203	0.260	9.404
90	2.242	0.203	0.208	9.412
91	2.241	0.204	0.208	9.407
92	2.242	0.203	0.177	9.409
93	2.242	0.203	0.208	9.410
94	2.241	0.204	0.260	9.400
95	2.241	0.204	0.240	9.400
96	2.242	0.204	0.167	9.411
97	2.241	0.204	0.188	9.405
98	2.243	0.203	0.125	9.419
99	2.243	0.203	0.177	9.418
100	2.243	0.202	0.135	9.424
101	2.243	0.202	0.208	9.424
102	2.242	0.203	0.292	9.413
103	2.242	0.203	0.198	9.410
104	2.242	0.202	0.104	9.416
105	2.242	0.202	0.198	9.412
106	2.242	0.202	0.198	9.413
107	2.243	0.201	0.115	9.421
108	2.242	0.201	0.250	9.415
109	2.242	0.202	0.250	9.410
110	2.242	0.202	0.219	9.415
111	2.243	0.202	0.167	9.426
112	2.243	0.202	0.198	9.424
113	2.245	0.201	0.135	9.436
114	2.245	0.200	0.125	9.443
115	2.245	0.200	0.146	9.442
116	2.244	0.201	0.281	9.434
117	2.244	0.201	0.281	9.430
118	2.244	0.202	0.312	9.427
119	2.242	0.203	0.260	9.415
120	2.242	0.203	0.271	9.409
121	2.242	0.203	0.156	9.408
122	2.241	0.204	0.281	9.403
123	2.241	0.204	0.198	9.406
124	2.242	0.203	0.115	9.413
125	2.242	0.203	0.240	9.408
126	2.242	0.203	0.177	9.413
127	2.241	0.203	0.250	9.405
128	2.241	0.204	0.250	9.400
129	2.240	0.204	0.208	9.397
130	2.240	0.204	0.229	9.395
131	2.239	0.205	0.281	9.388
132	2.239	0.205	0.208	9.386
133	2.239	0.205	0.281	9.381
134	2.239	0.205	0.229	9.386
135	2.239	0.206	0.240	9.385
136	2.238	0.206	0.260	9.377
137	2.238	0.206	0.188	9.378
138	2.239	0.206	0.167	9.383
139	2.237	0.206	0.292	9.370
140	2.238	0.206	0.219	9.371
141	2.238	0.206	0.167	9.372
142	2.238	0.206	0.146	9.376
143	2.238	0.205	0.167	9.378
144	2.239	0.205	0.208	9.380
145	2.239	0.205	0.219	9.385
146	2.239	0.206	0.240	9.380
147	2.238	0.205	0.188	9.379
148	2.238	0.205	0.167	9.378
149	2.239	0.205	0.177	9.381
150	2.239	0.205	0.219	9.380
151	2.238	0.205	0.188	9.379
152	2.238	0.205	0.240	9.375
153	2.237	0.206	0.260	9.369
154	2.238	0.206	0.240	9.370
155	2.237	0.206	0.240	9.369
156	2.237	0.206	0.260	9.368
157	2.238	0.206	0.177	9.374
158	2.238	0.206	0.177	9.372
159	2.238	0.206	0.167	9.376
160	2.238	0.206	0.188	9.374
161	2.237	0.206	0.208	9.368
162	2.237	0.205	0.146	9.367
163	2.238	0.205	0.188	9.371
164	2.238	0.205	0.156	9.373
165	2.238	0.205	0.188	9.371
166	2.238	0.204	0.146	9.373
167	2.238	0.205	0.260	9.371
168	2.236	0.205	0.292	9.360
169	2.237	0.205	0.156	9.363
170	2.237	0.205	0.281	9.366
171	2.236	0.206	0.247	9.360
test_index	loss	acc	batch_acc	perp
1	0.058	0.698	0.698	1.060
2	0.078	0.568	0.438	1.081
3	0.089	0.438	0.177	1.093
4	0.094	0.385	0.229	1.099
5	0.098	0.342	0.167	1.103
6	0.100	0.321	0.219	1.105
7	0.102	0.302	0.188	1.107
8	0.104	0.285	0.167	1.109
9	0.104	0.284	0.271	1.110
10	0.105	0.271	0.156	1.111
11	0.107	0.264	0.198	1.113
12	0.108	0.255	0.156	1.114
13	0.108	0.256	0.271	1.114
14	0.109	0.252	0.198	1.115
15	0.109	0.247	0.177	1.115
16	0.109	0.245	0.219	1.115
17	0.109	0.242	0.188	1.115
18	0.109	0.237	0.146	1.116
19	0.110	0.232	0.146	1.116
20	0.110	0.230	0.198	1.116
21	0.110	0.232	0.271	1.116
22	0.110	0.233	0.250	1.116
23	0.110	0.231	0.177	1.116
24	0.110	0.227	0.156	1.117
25	0.111	0.224	0.135	1.117
26	0.111	0.221	0.146	1.117
27	0.111	0.220	0.208	1.117
28	0.111	0.216	0.104	1.117
29	0.111	0.212	0.104	1.117
30	0.111	0.213	0.240	1.118
31	0.111	0.214	0.250	1.117
32	0.111	0.214	0.198	1.117
33	0.111	0.211	0.115	1.118
34	0.111	0.212	0.240	1.117
35	0.111	0.212	0.208	1.117
36	0.111	0.212	0.208	1.118
37	0.111	0.211	0.188	1.117
38	0.111	0.211	0.219	1.117
39	0.111	0.212	0.240	1.117
40	0.111	0.211	0.177	1.117
41	0.111	0.214	0.323	1.117
42	0.111	0.213	0.167	1.117
43	0.111	0.213	0.240	1.117
44	0.111	0.214	0.250	1.117
45	0.111	0.213	0.156	1.117
46	0.111	0.213	0.219	1.117
47	0.111	0.214	0.250	1.117
48	0.111	0.213	0.167	1.117
49	0.110	0.213	0.240	1.117
50	0.110	0.215	0.312	1.117
51	0.110	0.215	0.208	1.116
52	0.110	0.214	0.177	1.117
53	0.110	0.214	0.208	1.117
54	0.110	0.216	0.323	1.116
55	0.110	0.215	0.167	1.116
56	0.110	0.215	0.188	1.117
57	0.110	0.215	0.229	1.116
58	0.110	0.216	0.260	1.116
59	0.110	0.216	0.229	1.116
60	0.110	0.216	0.198	1.116
61	0.110	0.216	0.198	1.116
62	0.110	0.216	0.229	1.116
63	0.110	0.215	0.177	1.116
64	0.110	0.216	0.292	1.116
65	0.110	0.218	0.344	1.116
66	0.110	0.218	0.219	1.116
67	0.110	0.218	0.208	1.116
68	0.110	0.219	0.260	1.116
69	0.110	0.219	0.250	1.116
70	0.110	0.219	0.208	1.116
71	0.110	0.219	0.208	1.116
72	0.109	0.220	0.281	1.116
73	0.109	0.219	0.188	1.116
74	0.110	0.219	0.167	1.116
75	0.109	0.220	0.302	1.116
76	0.109	0.221	0.281	1.116
77	0.109	0.220	0.198	1.116
78	0.109	0.220	0.198	1.116
79	0.109	0.222	0.375	1.116
80	0.109	0.222	0.219	1.116
81	0.109	0.221	0.146	1.116
82	0.109	0.220	0.135	1.116
83	0.109	0.220	0.250	1.116
84	0.109	0.219	0.146	1.116
85	0.110	0.219	0.167	1.116
86	0.109	0.219	0.281	1.116
87	0.109	0.221	0.323	1.116
88	0.109	0.220	0.177	1.116
89	0.109	0.220	0.229	1.116
90	0.109	0.221	0.292	1.116
91	0.109	0.220	0.146	1.116
92	0.109	0.220	0.167	1.116
93	0.109	0.221	0.344	1.116
94	0.109	0.221	0.208	1.116
95	0.109	0.220	0.156	1.116
96	0.109	0.220	0.250	1.116
97	0.109	0.222	0.323	1.115
98	0.109	0.222	0.240	1.115
99	0.109	0.221	0.115	1.115
100	0.109	0.222	0.375	1.115
101	0.109	0.223	0.333	1.115
102	0.109	0.223	0.177	1.115
103	0.109	0.222	0.188	1.115
104	0.109	0.223	0.271	1.115
105	0.109	0.224	0.333	1.115
106	0.109	0.224	0.240	1.115
107	0.109	0.224	0.208	1.115
108	0.109	0.225	0.323	1.115
109	0.109	0.225	0.198	1.115
110	0.109	0.224	0.135	1.115
111	0.109	0.223	0.125	1.115
112	0.109	0.222	0.167	1.115
113	0.109	0.222	0.115	1.115
114	0.109	0.221	0.167	1.115
115	0.109	0.221	0.219	1.115
116	0.109	0.220	0.125	1.115
117	0.109	0.220	0.146	1.115
118	0.109	0.219	0.146	1.115
119	0.109	0.219	0.198	1.116
120	0.109	0.219	0.260	1.116
121	0.109	0.220	0.271	1.116
122	0.109	0.219	0.146	1.116
123	0.109	0.218	0.146	1.116
124	0.109	0.217	0.115	1.116
125	0.110	0.217	0.177	1.116
126	0.110	0.217	0.156	1.116
127	0.110	0.216	0.135	1.116
128	0.110	0.216	0.250	1.116
129	0.110	0.216	0.167	1.116
130	0.110	0.216	0.167	1.116
131	0.110	0.215	0.208	1.116
132	0.110	0.215	0.177	1.116
133	0.110	0.215	0.125	1.116
134	0.110	0.215	0.229	1.116
135	0.110	0.215	0.229	1.116
136	0.110	0.215	0.260	1.116
137	0.110	0.215	0.156	1.116
138	0.110	0.215	0.260	1.116
139	0.110	0.215	0.250	1.116
140	0.110	0.215	0.198	1.116
141	0.110	0.214	0.115	1.116
142	0.110	0.214	0.167	1.116
143	0.110	0.214	0.229	1.116
144	0.110	0.214	0.219	1.116
145	0.110	0.214	0.219	1.116
146	0.110	0.214	0.115	1.116
147	0.110	0.213	0.125	1.116
148	0.110	0.213	0.156	1.116
149	0.110	0.212	0.146	1.116
150	0.110	0.212	0.156	1.116
151	0.110	0.211	0.156	1.116
152	0.110	0.211	0.146	1.116
153	0.110	0.211	0.177	1.116
154	0.110	0.210	0.146	1.116
155	0.110	0.210	0.135	1.116
156	0.110	0.209	0.156	1.116
157	0.110	0.210	0.250	1.116
158	0.110	0.210	0.198	1.117
159	0.110	0.210	0.208	1.117
160	0.110	0.209	0.167	1.117
161	0.110	0.209	0.104	1.117
162	0.110	0.209	0.198	1.117
163	0.110	0.208	0.094	1.117
164	0.110	0.208	0.167	1.117
165	0.110	0.208	0.271	1.117
166	0.110	0.208	0.167	1.117
167	0.110	0.208	0.312	1.117
168	0.110	0.209	0.250	1.117
169	0.110	0.209	0.271	1.117
170	0.110	0.209	0.219	1.117
